date,Coffee,SoybeanOil,Corn,Cotton,HRWWheat,LeanHogs,LiveCattle,Soybeans,Sugar,Brent,Diesel,NaturalGas,WTI,Gasoline,HeatingOil,ThermalCoal,Methanol,Gold,Silver,Copper,Aluminium,Nickel,Zinc,Platinum,HRCSteel,SGXIronOre,Lithium
2024-01-02,0.7801265685569894,0.6893177599743512,-0.19703710200070113,-0.24710938436975838,-0.4022524402089447,-0.9939148560683939,-0.6356387716873242,-0.30747532510647635,1.1251385021704334,0.24318525439955618,0.6378019623902857,0.9322719151767835,0.08763057390620066,0.4142018986296788,0.29634201777791636,-5.462418452177063,-0.5455590854118181,0.2611932510418187,0.11793831008604522,0.5312021470813522,-1.082066912031783,0.4813837281408318,-0.4999565845151739,-0.1464950978253553,-0.3360261939669845,0.07911625618614371,0.06794566963649108
2024-01-03,-0.6328767936466668,0.25279346028471095,0.18002667872335085,0.709718173696568,-0.42967765017301307,0.11557806078000996,-0.048401391518005994,-0.27547795659455016,0.03891223748606168,0.32132072261365097,0.47219384228042327,0.6793186232719302,0.27716146101351136,0.3102980611177649,0.37753627384715127,0.010228385383177024,0.19827852634992182,-0.5227755953240876,-1.0342473134139452,0.008042576722226025,-0.5839779601835917,-0.08970747891463765,-0.5125564725180859,0.09915214221161517,-0.2369481344496696,0.5141517345103666,-0.0026953339126078862
2024-01-04,-0.031214666796743257,-0.15151258889427044,-0.08790034722941573,-0.31746365067131577,0.14523760291579862,1.8623569331572862,-0.2801548265159377,-0.4555626157618633,0.727907713156479,0.35031294399162205,-0.36794565664860623,1.4927879360664982,0.36928823068758887,-0.2429653514803467,0.42624407350623505,0.8624236122022023,-0.7042882907151536,0.9481439134233914,0.8136997795992916,0.4205838724135147,-0.43364316147580606,-0.3885207612580158,-0.500798816920875,-0.4174514677408039,-0.8882980058825518,0.4661141637842823,-0.1514777510907619
2024-01-05,-0.48172237518663785,-0.6772897099452533,-0.11024732106865576,0.09088460466884317,0.7552937965695181,0.5480151038070569,-0.3124562872187101,-0.20647249551077884,0.2652597893573019,0.1402826583842297,0.21569485422668888,0.5569097174130373,0.3049152946472593,-0.5013903301996104,-0.11213922428521067,0.08755966693058995,-0.11443671755694514,-0.03553576030705112,0.25174958316178275,-0.9476703001472168,-0.43366554160107823,0.6809064503912525,0.28179249112654314,0.19217789764437043,-0.4524272522157237,-0.13123213192834965,-0.012285007863876082
2024-01-08,-0.16536234981154396,0.8263948387339326,-0.45636897564464307,0.5647793853159577,-0.7297424032417241,0.2887483048803479,-0.14721268088840894,-0.2458214241912845,1.8128497035345754,-0.23008071000476193,0.05785913870061521,0.7815049929900868,-0.3435215955612343,-0.327683756892013,0.6242594800105762,0.3187493670097159,0.1231682253961692,-0.2900692099467941,0.6971987332785735,0.7298719575983492,-0.8470072568614055,0.2177787933260084,-0.8377656833022709,-0.031725398953836303,-0.47930311507894763,-0.30575778465742354,-0.9625623730411383
2024-01-09,0.4395444799793543,0.19491241684169958,-0.12256506584876592,-0.12321313699129174,0.3709345049669014,0.4763409808693516,0.2206255862443947,-0.5680944978197794,-0.37209672767083124,-0.2785225643754322,0.4073416127250675,1.461287760915968,-0.27478445557941567,-0.0384280710233319,0.15216781339778707,0.8654583399844731,-0.08564290271953379,0.6276642396609483,-0.02517146169212059,-1.0209466574406472,0.44780691663276934,-0.04558253560052526,-0.1534400225508405,-0.6003192621121011,0.17804896723339672,0.7491959708251994,-0.13534734840655016
2024-01-10,-0.4736784292822379,0.1693452232454088,0.6038826353369517,-0.088962958315768,0.33830283883500756,0.06183190580734027,-0.05371772341662894,-0.16425132640306228,-0.40289079944089046,0.24870654262236402,0.6393368167107591,-1.225904720980019,0.1685579381348421,0.3005727679286072,-0.12929383885205337,-0.5509288299642301,0.06310819966837133,-0.01721211099381209,0.3225004462720914,0.6805657995657455,-0.34530484236976045,0.5142350303281605,-0.12615594789442688,-0.38684536773892486,-0.1677388001465136,-0.477246492760508,-0.1627806320335834
2024-01-11,0.673457925891441,0.40192522660205476,-0.38336696888203414,0.6678890493727044,-0.787756465314992,0.12882128387576003,0.2206248961834037,-0.053907178944352874,0.6637202946152689,-0.18478611274814333,-0.3930613929843579,0.3264118169381552,-0.18224044372416953,0.2858836915031526,0.6000700255789118,-0.94713186557473,-1.646238837815207,0.3020897728870915,-0.2512261711703079,-0.10336847609866406,-0.1221906508732206,-0.06958360398653908,0.024821914952492113,-0.12057607588129182,0.054267042571179064,0.02186201711375458,-0.3054727807190387
2024-01-12,-0.618292424768899,-0.14888738215602693,-0.35731054261072703,0.25405714308114746,0.8543419944798324,-0.041140913128950185,0.0098427819314722,-0.5370423357768033,0.08838453612450459,0.3506305510772216,0.4225302278709092,1.849442944874255,0.24171823244277052,-0.01739636408253853,-0.13990976707947414,-0.04264796471266485,1.3892173264939784,1.1230464527374855,1.005902912913754,-0.7944441211734282,-0.6067977007358553,-0.2441585607432298,0.24626254392938024,-0.38592004718502776,-0.15103343347318018,-0.06944340130831292,0.2759277329299481
2024-01-16,1.0365860509802034,-0.5580498429868729,-0.2655410787270176,-0.18912419434659178,-1.1522353833455812,-0.6593776291150858,0.46988906503181715,1.3854463254943234,1.532592792345572,-0.08994444522892045,0.27515386212474424,-3.2495249455780515,-0.18053231042442994,-0.13173257394348817,-0.20120058121409504,-0.3704223970315763,1.0366209381608855,-0.7064455322444869,-0.29801339039209285,0.22663843361659436,0.12973963509147857,-0.4241064050306101,0.7260746839405414,-0.7830550082013568,0.10767418052535027,-1.6454352659697309,-0.1981006010916202
2024-01-17,-0.9169750291328644,1.0443706343285772,0.21114410229665426,0.7510461606820362,-0.208355548255024,0.5560408933558014,0.21207270367007555,-0.7375613745759784,0.13947383694835508,-0.0002114845373262786,-0.5498610307088817,-0.2912374729774335,0.25932290198623187,0.32033926396328594,0.07851284988706742,-0.05826636204505149,0.05857053774104545,-0.24753124577589425,0.055604604285342196,0.4283169578931141,-0.2967732689922933,0.6923665901079376,-0.9524738104653778,0.2810253465069581,-0.13092872491055144,0.03965778294563539,0.07640391890740707
2024-01-18,-0.1435562546364913,-0.5066743015082379,-0.31653212629371896,0.20305466884957568,0.3133775499846331,0.014106207725396946,0.8031846960878557,0.024494414626705707,1.0309372433121609,-0.06922616131320902,0.06580145885660094,-1.28917618270285,0.03172144308199698,0.17568444731151134,-0.06616909403848492,-0.29895581945858163,-0.06043260894237337,0.08934147432276318,-0.3105546709992246,-0.0613041509736405,-0.7690804127964639,0.12180251105102954,-0.2855428920087334,0.674621990083879,-0.09459273015525033,-0.7099368464622964,0.1532441333386929
2024-01-19,0.9523248767460653,-1.0015060596716907,-0.09125217593759147,0.8146469240093411,-0.22430937354999647,-0.07254387022871833,-0.30541522503756796,-0.22670565637193557,0.6081168637422656,0.04818916816745139,0.46381533542113623,-1.325225934046921,-0.026780875304904805,-0.10860663498603773,-0.1689242138967546,-0.1710629215580382,0.13247592573618866,0.16235852947321028,-0.4424439187436383,0.7843926339766403,0.031352599527438615,-0.22176099069274924,-0.2555986148884384,-0.5470151969394719,0.13781343157027076,0.2381328894614818,-0.03596146579516367
2024-01-22,1.4172582156480946,1.0723758530494112,-0.6026666707772327,0.3120906981417092,-0.709450023670338,0.051192788477621556,-0.36237536060495534,0.026738936553877823,-0.5275294441934401,-0.04847437171433189,-0.43282384126169726,-1.157675484912,0.05186732186349041,0.4658755550107081,-0.294954727489988,-0.3510852390663961,0.464977870964871,0.22970573054839016,-0.5249119349735225,-0.3205494968284901,-0.2347920056687503,0.050767705125255774,-0.1237007933620339,0.19296290697247442,0.04148635769818138,0.03451382333430916,-0.040895110696193435
2024-01-23,-0.3738441424420639,-0.42779214008621613,-0.25435236468495037,-0.6497946937927727,0.5281734317466301,0.7682483829879272,-0.005196591231943437,0.34839316059922376,0.04527994331757246,-0.3539871556021329,0.5034178989867301,0.19927555224983623,-0.4684853847521658,-0.4515630949306924,-0.09743427952461099,-0.04068490435449912,0.2829668446697765,-0.35077355620371387,-0.2785948780154903,-0.4840119432381226,1.6113030862682596,-0.08575555728341333,0.5774316939745638,-0.5746704375375723,0.07750809694264243,0.5424773464798487,-0.3399820819046466
2024-01-24,-1.263787439850697,-1.5624408163658388,0.5287936914681715,0.0879230131274571,0.47283985027400055,-0.06881322236953302,-0.0446086077553951,-0.36518899052260373,1.1320711718297178,-0.02161199381963924,-0.4648424169910613,1.754312118671701,0.05682279153245773,-0.17480904717911816,-0.3758998475405946,-0.04740465411710238,0.445876310520933,-0.9657895413794301,0.48658578815522446,0.6900420965017626,-0.7832286665768252,0.016702290059534164,0.6328073402756176,-0.030569000102297572,0.663208599681148,0.36278388049664817,-0.3120512857582538
2024-01-25,-0.4774392029530885,-1.0988141430651546,0.045932112226634084,0.1454672130612059,0.9633438796500537,0.3217265783049868,1.0026691668065861,-0.8480367306940777,-0.9697191467824047,0.2250334862136827,0.2832371023467186,-0.6841547433703735,0.10801009890233004,-0.05318072599665602,0.7876801704611596,-0.3522817356963093,0.13329817491854473,0.17632498443228078,0.08737405450783549,-0.33262944828354807,0.23860442360142842,0.22401549828276174,-0.19102927046820745,-1.1909918057122386,-0.27785880696327897,0.21580482810586027,0.04287040536141708
2024-01-26,1.6511708228669446,0.6398993996965981,-0.19085176704429863,-0.96387422907586,-0.4324942395753655,0.28820473002812125,0.309405483762062,-0.4591776631311796,-0.3695816743367356,0.04649990657464642,-0.16108024121817524,1.138024888164174,-0.14480781287654776,0.07254862956611452,0.262587961311486,-0.03747314566389112,-0.2422480720978134,-0.2141735391955708,-0.34689283750387667,-0.77658130257323,0.7756605463368267,-0.1554113283936459,-0.4797555235255283,1.2037848860101532,-0.16025197749402215,0.061273222168646,0.0700421289060147
2024-01-29,-0.6898414731565965,-1.0146424416534907,0.09072152202108652,0.32979545767169816,0.19703444499664913,0.6976154207020397,-0.16305294835182416,0.08913899442565842,-0.24595668101986135,-0.05999931676147796,1.2060979843356845,-1.6996213098827884,-0.08164839562763482,-0.642648885241545,0.34034480774070974,-3.5477362449945207,0.6535365011774846,-0.41681242037239086,0.3081224051941317,0.7926128720922532,-0.17310428988206433,-0.5437263127019688,-0.40141619708819265,0.6192703606600767,-0.1310833567884176,-0.2709772380771669,0.37207008455729795
2024-01-30,0.5924676136392373,0.08683974980566467,0.03383621038729867,-0.04365584760658925,-0.025002764241262465,0.3094850171687032,0.1846625221391769,0.6494404341457471,0.013593175341720665,0.17205821805811747,-0.429000198434002,-4.293616821999407,0.41259787892823196,0.45591950917860957,-0.427783100802766,1.168281670480743,0.14870031308847836,-0.09922376913059411,-0.520840374007454,0.45444413560594477,0.08910681466641118,0.1656224049910723,0.10265689184839355,-0.14539001967354132,0.19338283569923342,-0.3826999060693014,0.0018240914199383479
2024-01-31,-0.04655085962574507,0.19561558370450952,0.09940983541849116,0.30682092695572655,-0.7473123498725888,0.07781919834182918,-0.52533620904055,0.2649581577534743,0.33242341206654796,0.2837289923823546,0.9395796452498263,0.49135786214172444,-0.12554799185128318,-0.6057081217054991,0.8324363298860905,-0.8891941825733314,0.11889779839616764,1.0407450746567728,0.12239680673100933,0.06925202588942586,0.2494866060199176,-0.530996497352365,-1.1342663514576774,0.36288315344661537,-5.6379982264128286,-0.35219043002972344,-0.3681813075687854
2024-02-01,0.34391669913752126,0.07683269022678574,0.2857913895983136,1.365208196977516,0.26633820520148527,-0.011065883276678956,1.2561556331520265,-0.5431119409123941,-0.8802058084765891,-0.36628747011641205,0.8308548176308956,-0.28513254226964924,0.058227331766929846,0.9689996978901938,-0.33915327636003223,-0.005880620741908843,0.4123107214235947,0.22731061708465988,0.4191145906914175,-0.18023737927930217,-0.48478456819131677,0.5117162530345173,-0.6358636599255734,-0.25710641107667365,0.38127203458277836,-0.15496844905598747,0.06508093629813506
2024-02-02,-0.20255943309383084,-0.5841635723644121,-0.21272308379139104,0.8450480995546049,0.7031099614369039,-0.22978867640576353,0.3514996886061838,-0.37645693871088903,0.9857386784255223,0.3216990364591784,-1.1374864560293123,0.41688100028217373,0.2730399460304819,0.05526204556344527,0.19687203290105237,0.4663176520823891,-0.337167878338587,0.06914304838296037,0.0658598451629182,0.18983837191671826,0.19491074320064372,0.5504787840715626,-0.19923911586889997,-0.22816310671993079,0.023295909751533922,-0.5894781266391751,-0.19734476949238466
2024-02-05,-0.22744315117161595,0.8117183348333393,0.14252643341792356,0.10059161902813082,-0.5739872501975742,-0.5069436372110794,-0.3332120451016776,0.5908961370198497,-0.35224382500972107,-0.1765535642512992,-0.0950022956962398,-0.35624635301417074,-0.24564674014872992,0.5272998682607181,0.48856539497812834,0.5983908805119342,0.4624060194961079,0.288364838049168,-0.15048564141308274,-0.5828363175019581,-0.4719952429729408,-0.33461859359148416,-0.3970154482876458,0.8158704385853943,-0.01413533893789936,-1.4139451300812211,1.8854644465317594
2024-02-06,-0.49620819678047384,0.6222691321124368,-0.5573891874458852,0.06389730799605664,0.2704460073537948,-0.41975706248968575,1.2669269626348572,0.10665000736276142,-0.23460310484760888,-0.25221279131033814,0.6364589798642903,-0.8574225478192841,-0.29556372207916204,-0.3745460254736647,-0.28281576469448433,-0.08620641553783599,0.031118955081628576,0.10462465830630086,-0.23442694319203622,-0.29881887412766117,0.3137249697371559,-0.5550846839439976,-0.30188955942455076,0.027590533307939313,0.10318307029887668,-0.18310789420410065,-0.05687954533064053
2024-02-07,0.5374853182891983,0.8939396530299741,-0.7989447925026941,0.45475953365372623,-0.2664429628082323,-0.041970863640731874,-0.4172256495581926,-0.7337954432610154,0.3696267069400714,-0.4101499913703546,0.39787850730454977,-0.5610037206310173,-0.37518338341813456,0.05119705265527097,0.3961365489552202,0.355656171811476,0.9722115308578698,0.6909780641208787,0.2098153102206135,-0.6941616443358494,-0.04969829698587207,0.48002338973008485,-0.6900295876237101,-1.0893224914268933,-0.7707770089623909,-0.07209194108053116,0.017283207968238137
2024-02-20,0.5659994289936428,-1.1742954490111235,-1.1491805025264652,1.9508743629431087,-1.919231112220591,5.779451599641377,1.005916740392976,0.34359915054949375,-2.249434316629045,1.344841684686667,-1.2620722564775788,-5.408522836779815,1.7403327219274136,0.021445295454285723,-1.415489505412624,-0.3651149634610074,-3.3974302145508672,-1.3129631454179531,1.0200172281507698,2.222707153408565,-1.1091327099604904,0.9932716469193492,-1.4058660853920653,1.0173305908106405,-1.588060353029615,2.1063696685653364,-1.8251213053328805
2024-02-21,1.6909393411153903,-0.4567148152396264,-0.39789387878125027,0.9566938923320392,0.04016648319171978,-0.2079086676813617,-0.36502181873674405,-0.568068101894448,0.3723059572665987,0.33135329064979335,-0.07314096939337214,2.6241594266117607,-0.07168889732039224,0.14843780947259425,-0.3147559201227918,-0.10329251044714421,0.6309920564425571,0.3001582226246123,-0.07719687233966366,-0.1571479077655706,0.47677254618722276,1.2033165340136824,0.07609611811298889,-1.2088661068209083,-0.12712809534425915,0.5725927238245401,-0.24984281207585024
2024-02-22,-0.8235370452167297,-0.5586546658341264,0.012192357124315878,1.0285940751987217,0.4117484969002678,0.4978299880667175,-0.27669494337768197,-0.23739412471318555,0.38278052598754475,-0.09404151787331183,-0.3417501086806927,-0.7827268030893104,-0.06650876180239451,0.3381811918454092,0.33738284738876567,-0.11342206770563308,0.005480185238019172,-0.12145536771339455,-0.23709300721570378,0.08710238851933538,-1.1271671157267642,0.9167381301350366,-0.5139897158174738,0.9027199286438425,-0.03221675810780216,-1.4260255430607478,-0.02697554347255514
2024-02-23,-0.5424729398110613,0.22615672851795532,-0.35218057557099447,0.5946220577326099,0.051242547203901534,-0.10723665309200216,0.864760537118736,-0.31349337045037184,-0.35830879363588586,-0.21432479352177236,0.3525399670098598,-1.8884815260314571,-0.1454387868783077,-0.2213704089909373,-0.11451463920898486,0.13682744478797731,2.2869815209237574,0.4306339222803348,-0.008764743994847168,-0.5575657947049877,-0.9149030402063222,-0.017857164773065537,0.22176159218199681,-0.04936733992716935,0.021771056005695573,-1.0982026605657464,-0.05902411299907849
2024-02-26,-0.46594201358850357,-0.09203119509847613,0.13423293858303698,0.6766309846044751,0.43726549568237516,-0.49121185653030025,-0.08907871364631532,-0.603408724723345,0.7108870468010666,-0.16887358115403334,-0.0433818483084949,0.8347784084368539,-0.10993394070272677,-0.08915488318425241,0.47462988184269195,2.6789188768062187,-0.15886613164427665,0.4446989301875425,-0.23169479070375387,-0.788012056029026,0.022163941027529277,-0.5265837728692861,0.6120277705567845,-1.097724348267702,0.1379080241415293,-0.7946128452560528,-0.16864568437599825
2024-02-27,0.3978009977943404,0.10691106984613263,-0.46991094218323026,1.9351628553649722,0.1512619777356724,-0.35797116842558674,-0.31680288635757387,-0.9448373897064006,0.880183841807485,0.03974786528569729,-0.17287404995536626,-0.6772275647580751,0.0852778252359413,0.16402551272506838,-0.701402398045165,0.4201547765752382,-0.07727474271683721,-0.04863135345097769,-0.40160208162770406,-0.4848760651202574,-0.16482761752390057,0.2398909359798055,-0.8119725883677925,0.5933054730830085,0.05276418233845543,-0.46158879670691555,0.8031247487661622
2024-02-28,-0.29602082368784766,-0.5457304318225664,0.49468518067840106,1.1595714565520256,0.0508584752703059,-0.47689733683009866,-0.8504593491060981,-0.11914818067087282,0.3277487382191959,0.5896032195143023,-0.8246384267340336,3.848485441765149,0.25926319129218867,-0.7053964815528246,-0.8883368217156005,0.15722512537093664,0.7443334397355493,1.000722513568216,0.23585323041236567,-0.22988942182191835,0.012495162866632482,-0.09339856804683294,-0.4926427284879006,-0.28134205608060403,-6.967889334276887,0.8292210779791108,1.0956426184348318
2024-02-29,0.5463209273211579,-0.1375761993254934,0.49911913333135116,-1.0214481708676897,0.8705632715366862,0.007023588194303043,-0.5460095124452202,-0.3461874857254351,-2.992969445393023,-0.32994364946852783,0.12102586736928289,-0.6031682859985377,-0.498046832802696,0.14729910528370455,0.07105766493769433,0.4128640141868765,-0.5477336769712743,0.27769501034702526,0.3563660456750912,-0.4892753764132886,0.901611551748319,0.1818215559926667,-0.2506334489694806,-0.45585142298741826,-0.3546516181047272,0.25647218750266143,2.4371208474895525
2024-03-01,-0.2553221673409252,-0.016348751352420116,-0.030608489590639665,-2.4233487713339144,-1.3930709917266408,0.582252541560344,1.6346685596650927,1.23412512956734,-3.2624549383466883,-0.8232524320581854,0.5706928330480114,-0.4826459966292219,-0.13215053449040426,3.37873760234855,-0.5422656478515893,0.16489137532347392,-0.18193337373392654,1.6681930491047487,0.794347068662488,-0.16386896573941717,0.2832381784453919,-0.9614167508082411,-0.7132631892544122,-0.22261330391046114,-0.2442049474125894,-0.3009201635685359,2.445976704499263
2024-03-04,0.4807023159995969,-0.3581842251732244,0.17365236560630648,0.2813110932885132,1.4947632292667652,-1.0217387614281228,-0.9201488278620198,-0.36482718837675776,-1.2784927119921388,0.24203404435232606,-0.6505483132318126,1.0329284948647386,0.022968642829743424,0.20087947864346478,-0.2756193039898446,1.367853771594617,0.3924112049781983,0.6940799539621898,0.661395392389065,-0.6800984062636554,-0.8590907669937963,0.019260537278283585,0.42519468001833494,0.3864116486482636,-0.08101059558333878,-0.6725361735777978,3.2191979555980446
2024-03-05,-0.33311029210037457,0.3131035472954101,0.027335042076627514,0.06809932517906725,-0.4069332038533149,-0.4147429493830067,0.47653023325645705,0.19719661141616868,0.8499837631134879,0.21378492087252304,0.11204578044171043,0.687952568582884,0.24114372300493941,-0.3246345916495873,-0.07704904982398253,0.5611474247476476,-0.09643885649442421,0.9204466557875932,0.23125564299554818,0.04634956901614656,-0.10215551738602463,-0.3041949311167608,0.19016591326803553,-0.8406413918912983,-0.16131253004987123,0.2915250311218421,-0.15423576976322817
2024-03-06,-0.39132474231072606,0.13924238917979898,0.6868035394998692,0.30039086446751806,-1.3261663552478795,0.140557239039133,-0.29680055165108177,-0.12065409697606734,1.1644249143842909,-0.2645816106479463,0.11016597508046289,-0.2533964449608509,-0.2570373047211373,-0.23721416321996663,0.18160770256024283,-0.3523656683472679,-0.39735796571633386,-0.3130587305372623,0.025608713955610263,-0.32378644429138276,-0.40149925302367273,-0.6192662471845714,0.3961840719000085,0.5859755697980122,0.8919430017822143,-0.2284164096335974,0.2051604047868283
2024-03-07,0.2569200071271738,0.6416353598833853,-0.004748079433790631,-0.45321307676566047,0.5387035371433366,-0.2606935810287594,0.4330951588482269,-0.04417561013888194,-1.1615337777492123,-0.19256338540350007,0.10872430808077005,-1.384578706936083,-0.2455316584233611,-0.057924798624814394,0.2831964905439553,-0.3160879659450247,0.6137571746861193,-0.2901505579693362,-0.5228557058362108,0.3321279201685853,0.03329374356888126,0.2102472943789261,0.455436547746113,-0.08108605608854125,0.749306475975707,1.3105233674791257,-0.07265772740506814
2024-03-08,-1.4699518155061657,-0.10251370880777688,-0.14353659147192316,-2.07938130501555,0.9955557298167113,0.07945170751049088,-0.29772331121717194,0.8332122679465943,-0.163619187774812,0.43167195439877915,-0.15361562280835617,0.09864206188619892,0.34250077259351785,0.30791377995617564,-0.00036525776381701736,-0.19188197286343822,0.19224286211773123,0.7922413000318974,-0.1114852478625138,-0.07257241951469107,0.04575656122126931,0.5010159655842933,0.39031109963775323,-0.3681032481796096,0.030844332297910997,-0.16657948150440124,0.05052410368657424
2024-03-11,0.2051770474461051,0.21278311240137338,-0.04863168196054357,-0.5924222275546795,0.41825977454649865,-0.6792174485403414,-0.37963756244452995,-0.7354673603080323,1.2910731339772845,-0.08711944683462644,-0.1046931423425879,-0.5502781639847463,-0.20004350848884897,0.5553191271065082,0.013357416265770555,-0.39871643345063107,-0.13288661705211435,-0.28314451381441486,-0.12746387318618113,-0.1081057133246982,-0.07328604740219002,0.2150657177562787,0.07706498280309526,1.0519283342658754,-0.2210169446077846,-0.1346431936244574,1.3871230425865246
2024-03-12,0.029482088214903363,1.071416820038911,-0.5573041782482624,-0.10107172773539412,-0.13431011744980054,0.46212069010159906,-0.05679140315370784,0.394471046988331,-0.349777144587349,-0.05346629620481097,0.12288796804192921,-0.8815286238179596,-0.1571416755729087,0.1229299338532135,-0.5697126058703886,-0.723167529931784,-0.297733655342208,-0.27172284053459883,0.06337518360130179,0.044851070306843384,0.2826011869054963,0.22526596463007037,-0.3176212700496496,-0.08103559679301575,-0.2765465833830938,0.06752711878017517,1.08978704223013
2024-03-13,-0.8807115114500272,0.8674712687631345,-0.04890777907685767,-0.47975885767037224,-0.5064861317274172,-0.24456830880677694,0.4308128346947615,0.11288613566523781,0.07169313014680004,0.24778716573267912,-1.0110607725761183,-0.924307175247862,0.159753166636034,0.24691252490986437,0.2782924012306287,0.026325304116382425,-0.3216749146712172,0.08981873931638806,1.0893584618826262,1.4629478706160604,-0.6118170118329966,-1.0570910103559035,-0.41245859366281157,0.28777962228751397,-0.800107766366557,-0.16719202353759674,2.2223424223945023
2024-03-14,0.262282209841057,0.05455305737388806,-0.21418021382872454,-0.6515393825982047,0.4682349066064303,0.06758693073791396,-1.0966039827874534,0.2245520371960908,0.12378975404504239,0.1512356052889735,0.15817328149459908,0.8301386924325973,0.21642495012672736,0.16520689325259053,-0.07160092867722806,-0.08835613959537145,0.21606312956424484,0.09842466993847387,0.48813942340845173,0.04218466124918335,-0.27279676308321554,-0.39831338242855485,-0.3135993609918146,0.036402941714143044,0.25288416782328776,-1.1038625197204357,0.9218838301904837
2024-03-15,-2.1752256402150083,1.6826598643945332,1.9876787878166478,0.1750136558300227,-3.8032544529665095,0.40394302398176873,0.13367125152015968,0.8988071112104261,1.0215029114718441,-0.12109162056936884,0.2814236643083356,-1.915030153466085,-0.0710125571743149,0.3732183980561694,0.3376767031096851,-0.25439676079148454,-0.0042732467834654675,-0.3627463123759612,0.5954126213281035,0.7226842021811435,0.09179842144717287,-0.544179751717628,-0.08719222568123786,0.2876442016344694,-0.33750890832538916,-4.272533839836458,-2.4028012002751913
2024-03-18,-0.14090619081050465,-1.0331509424073482,-0.11311098903470208,0.31107451627426624,0.7234844106242281,-0.1752766210646628,0.3807733640901051,-0.6306468594739696,0.12742076522118037,0.15452172751880233,0.45803905961512004,0.5049178241308981,0.15930265856871606,-0.05269768923746315,0.37854934508896987,-0.5452096600192884,-0.07301239418466302,0.7322630881434551,0.2608017239447669,0.055336691335005884,-0.012543437719285318,-0.44454798987060595,-0.8765716353939608,-0.9507286159292758,0.5596832571665784,-0.4292309328423588,1.4299238174158964
2024-03-19,0.45830944979143107,-0.6010731727896587,0.3301005889564082,-0.5028657029730106,0.6250594763200542,-0.18405055003789633,-0.06477918784563008,-0.11140481221557333,-1.1434494565603674,0.3138553025729651,-0.08194324506739437,0.7584715110258311,0.3438560320074643,0.06480438429709201,-0.32972541223800844,-0.12583977937115803,0.7147408600663898,0.3917927380158363,0.4293696762994184,-0.1456188841912881,1.06446919096548,-0.35932448400650063,0.5083767341059362,-0.5498583145803768,-0.25685957031865675,0.8537395488845543,0.10029121790862396
2024-03-20,-0.3669744929856058,0.9484225570333589,-0.5577889024398333,-0.7528123156700272,-0.6328390646773834,-0.27869513312406147,-0.1639235947772601,0.986793009894801,0.14106032917089173,0.2212295168224635,-0.5090125011818813,-0.4965839720817551,0.04403799016822363,0.3688255459483665,-0.11453071197658415,0.017273736816952767,0.052310514846314646,-0.05832373294799853,-0.13600912839268736,-0.18589441633959897,0.29636593082324214,0.3178212369205272,0.19486139397683577,-0.04515385943256908,0.03575678887367251,0.4722980179186179,-0.15866018529200243
2024-03-21,0.4786468181487257,-0.41734719966326994,0.014398547252934879,-0.18591868579228418,-0.14308242063609397,-0.18618291471889212,0.12164137136507186,-0.09419720518962282,0.35324552937647635,0.2381310542741266,-0.17778325604810363,-0.049878864523496214,0.03869110553343477,0.23515970615187187,-0.07117109428918189,-0.10211736839503333,-0.3458406332501091,0.4103188522722545,-0.9254822745241051,-0.33812339573162653,0.5382732508366114,-0.22927088126370507,-0.07037372234190886,0.22729055317048907,-0.0002481607850997533,0.04140132110869915,-0.06072636949979947
2024-03-22,0.19714488487440443,-0.9004860533531382,0.19262832674802197,0.09598099356117606,1.0296169112536906,0.26276983417662597,-0.06413876358170134,-0.5767752778451931,-0.22361008916149416,0.11959620408152694,0.428612256039961,-0.11680571822834246,0.08297507148750213,0.31908335730772147,0.05061195339789898,-0.18727740181161734,0.010508909894283602,-0.5373053284990748,0.4127850668436589,0.19112610324333068,1.115690999224079,0.27545923091848845,-0.13878094273599562,-0.09834817572853793,-0.06421553586985757,0.027371921464399873,-0.5084757503113592
2024-03-25,-0.10264233193249789,1.3232123668595082,-0.7233259969867726,0.06071197784616189,-0.6522352351481703,0.4611156172043238,-0.3792115578209414,0.5199025521814254,-0.11560050404571334,-0.08048609027124942,-0.20812398199695947,-0.5529075289577373,-0.0672888737674987,-0.36620627324895183,-0.26126821859455607,0.25794663881602986,-0.07935627716150605,0.18193737886693861,-0.5312931075916052,-0.022907368944838358,0.2789106801793103,-0.8564086842623316,0.15427912475350017,0.06850185501774042,-0.5698980791822045,0.03231261691416082,-1.3170859709663458
2024-03-26,0.8269318529500678,-0.17287233941744917,-0.2797003692818908,1.333857387058021,-0.749448709816076,0.6240029111677908,-0.8461498489507027,-0.03262024284414777,1.2857187721613357,0.18213579337311037,-0.2717362986515164,-0.37400754165013017,0.3099049080409601,-0.2032534649265232,-0.3933221937658201,0.012836941245816462,-0.059907068421193796,0.0047389906588693465,-0.47625044498412017,0.5747173265908323,-0.23208052443894966,-0.03955432752832888,-0.7124259181437576,0.2623577192291494,-0.274299460103771,-0.35761991662756754,-1.9575351518908977
2024-03-27,0.7520867854653125,-0.7096120714051213,-0.36630544685531596,-1.3765408257627565,0.6389778084903195,0.33796184938963203,0.5634617465083159,-0.05709304867211756,0.09783777824644757,0.0721191815971592,-0.07839984811592945,1.9647794344395857,0.07161164905875445,0.10616939765169517,-0.13191480576424447,-0.039022989232457325,-0.5870709274333246,0.24334118296922402,0.2704693012956937,0.009362125686601191,-0.19746444484743647,-0.140280014720944,0.10949174802212544,-1.1566176200216267,4.345142088330938,-0.6791681093405932,-1.328999577924203
2024-03-28,-0.9030911930872063,-0.4132531643274558,1.2212707434416257,-0.1396588372087294,-0.13151325163387084,-0.02877853417690704,0.37843964112825523,-0.8839389366818001,0.267751939042161,-0.017952481946816645,-0.36481527329959407,0.5297261919556963,0.1327485093265678,0.47145845887557547,-0.32064984462015556,-0.0756083666626142,-0.5273386104292528,0.6685084093847844,-0.3262058621798015,-0.634664675978053,0.7623140168946057,-0.23907736382799122,-0.5731163093665512,0.09510559880839131,-0.346089392725932,-0.6065058512858691,-0.15149600501322436
2024-04-02,1.8960813571773691,0.821647118447992,-1.5958691045992253,-0.5871834046507971,-1.4763634218172497,0.05384892620635691,-1.3493600962050631,-0.8005367600489299,-0.44949905369459503,-0.041356641561215546,0.7915669153489389,1.3155544357551618,0.2139304981983411,-0.4755674393776813,0.8442631512704162,0.8385277021197318,-0.09046123069308848,1.0828108272531556,1.0972270607081045,0.11949920180237772,0.46952950128849213,-0.03523249906154513,0.1828474941360414,-0.22447938827285308,0.8556412938343665,-0.45291822934219284,1.0973661200310194
2024-04-03,0.6602538888089644,-0.3339867762241125,0.0821874614213256,-1.7418204942722184,0.9383367623367993,0.39551052453972124,-0.650011003284149,-0.2562922648133935,-0.83622880479904,-0.007578058408815896,0.4832167941368022,-0.2761296445491743,-0.06797346921959484,-0.011668682553993438,0.14782986844672225,-0.7796338581397271,-0.12925761805728708,0.3620914330471483,1.1129732278567195,0.9655614190132353,0.6231238821006317,-0.12678387998768714,0.6198482794563542,-0.47521037222711615,-1.1496525752097515,1.2301155853342542,0.6962137271862566
2024-04-08,1.2626056581728302,-1.4400463228556275,0.43023499626121187,-1.8592208433225985,0.39912675018546784,0.2793845490214937,-1.0230783090678568,-0.2267520453114392,-1.6906865361269354,0.47265400624614307,-0.5719790690169116,-0.12735746957214408,0.43710742680162434,-0.036718797836303274,0.052205081350322285,-0.39731524475707336,-0.16118387745574747,0.7208353287644114,0.4629998711034138,0.18686608382239145,-0.2063933711331336,0.22595816105414168,1.9278633243986198,0.7423926051177345,-0.7767857742618967,0.2401831333418283,2.200081582211182
2024-04-09,0.5606333723961101,-0.15880820500817683,-0.041786226155616224,-0.34006159107062683,-0.16952949655635907,0.12587684479452804,0.3768420123739086,0.03869695825920344,-0.11312950727551435,0.05554917717811664,-0.17232411444232504,0.33677051040981115,0.01138888043989289,0.4839915838654457,-0.26281724370367754,-0.016892330347821033,-0.03473562614873682,0.12498455234447414,-0.027359994169235458,-0.3430139911520296,-0.6012772285341034,0.42030021455307165,0.5169519580388147,0.3045685442858137,-0.0706676020820442,0.23465395317272278,-0.2293072685148685
2024-04-10,0.03973419628592384,-0.226977086117651,-0.02325955712261768,-0.6540614200324479,1.0434018104557385,0.3248806445248002,-0.820692036712293,-0.9663229765565177,-0.3490895331694595,0.13591527198384845,-0.6798386004726658,0.11715579760304176,0.06810950152648243,0.03208747710329374,0.15424153001181518,0.01371259460556859,0.22548142482476163,-0.22393917887273884,0.4876412452725662,-0.01423532998875246,-0.13080199095559658,0.3791657401936156,0.5909391297704026,-0.16170073740729923,0.04900705570910286,-0.05774609028502373,-0.11426596786045716
2024-04-11,1.5310898342605663,-1.2552342007359147,0.2244937644850612,-0.917474114931143,-0.14692781558910495,0.3834459724674436,0.7988287343267386,0.6740527705093106,-1.158910345897355,0.03545851164492764,0.215723386921915,-1.290453037122033,-0.124924314450992,0.13554224129305337,-0.3682175730350128,0.29262400584175624,0.629679357779748,0.36805386193550427,-0.17339612046202596,-0.2687718517422685,0.09959287719482277,-1.0167855655673146,1.2052311032110101,0.22846776578077788,0.15922753141685642,-0.2484250481347647,-0.4842029349033534
2024-04-12,0.4379209284849176,-0.6852053182826359,0.4868833610521366,-0.9128321118324186,0.16024479954741044,-0.3600917035598311,-0.763881057053434,0.3564140750536513,-1.3627876191545318,-0.14276785323204183,-0.021966640790517744,-0.023620692773079155,-0.18520928918037224,0.02855170598229656,-0.05097945276379945,0.1000000679090858,0.019931509608524703,-0.42190806590427027,-0.3757318330271021,-0.620495190041503,0.7430641759303209,-0.5848132987926791,1.1001382213912339,0.2512098751058337,-0.367050201858046,-0.04614890023275284,-0.1108847230222194
2024-04-15,1.302172479623406,-0.28264648094610434,-0.07215657932512998,0.21161984703615067,0.006242867502034455,1.0460604982410555,0.5048595988962142,-0.5505537604086274,-1.000558832116988,0.2726924237647498,-0.9721996361881604,-1.3096628080112442,0.3498967960918459,0.1707818737296325,0.04837448551882628,0.23484521961117757,0.36007563060398695,-0.05141364167023815,0.2773173066924085,1.42473274180225,2.893249797864884,-0.4380707785941781,-2.213263812034725,-1.6258807623923948,-0.03940604498054672,0.4090205614347848,-0.09651015023851083
2024-04-16,1.2507559692141639,-0.395274155648087,0.4681602565727223,-0.8840081586086845,0.8562842218658064,0.07968763174287458,0.5425095095060566,-0.29709152069999556,-0.6176170641827334,0.07621129702779889,0.3074519819608069,0.4298947932409074,0.09128069723074372,0.5293926908646407,0.11664807562164284,-0.21054657006932437,0.3116716568199253,1.4695965940516456,-0.25318242436242355,-1.0561590652150803,-0.7731736209163617,-0.04478391629069284,0.5172558555713814,0.037984762324562105,-0.05310860519673515,-1.6444741548089943,-0.03852894040906117
2024-04-17,1.999500294166348,0.3827193631421229,0.11879962180028072,-1.1135966110739812,-1.123754023580672,0.04631639914472087,-0.4682057556301166,0.40496407730011225,-0.8630862025839162,-0.13340450772649426,0.16900299666923568,-0.10387648881839284,-0.0997747197083636,-0.33858829226144627,-0.17827808870816209,0.3745880853254845,-0.7559409062270481,-0.7756098265327631,0.21447452622103225,0.7037440080091296,1.0616843637009317,1.2367723254000575,1.3728985403045255,-1.1127259846268467,-0.04733938456413539,4.007763340673143,-0.33648704434895205
2024-04-18,-1.325117810119977,-0.755559507516983,0.16111976893272434,-0.8992023432515797,0.9813877435501672,-0.13048925798394667,0.02489396418723397,-0.3472016298574938,0.8792519949642448,0.39870720448376695,-1.1161658999046027,0.7284018203684192,0.47419075790531034,0.18780822459731303,-0.14530088686877918,0.11716712092971619,0.4619700590045165,0.11569206212583077,-0.328458079445639,1.3028046149839905,0.6276722674713101,0.5158864701119413,-0.8967708605939184,-0.07491143962095131,0.024292678931692353,1.1140243937907925,-0.12136524613165543
2024-04-19,-0.2757635152187284,-0.26834961431894,0.34914788941674213,-0.06039744905502081,-0.09059646007053834,0.20496799328132687,-0.10181778682812732,0.28555376026905366,-0.01640097649861788,-0.10923015544365819,-0.10465018097867268,-0.3318003619549526,0.014563411290610395,-0.05247066022488238,0.008699923588036007,0.29559378857408014,0.4267957447040953,-0.05488475659614944,0.031693710065081815,-0.0659604689664054,0.6679717732507571,0.8556651211102064,-0.15247825635526802,-1.5393797576131856,0.09070152891438962,-0.01791784751161707,-1.000696761758352
2024-04-22,-1.8068983566189043,0.5163103935539918,0.21871152059963805,0.8456169079437241,0.9321844554460155,-0.07156435313158133,0.8091828823317254,0.11251298428125889,0.032761438734944165,-0.2979866227114055,-0.1618667295875793,0.3084727520474927,-0.2332175248022494,-0.35279422412598593,0.03990157265190747,-0.3481307276669123,0.015379225883674505,-1.5701940824895755,-1.8716548422537276,-0.021282354510648305,0.28104101844210727,1.063189462320095,-0.34512108843984723,0.36577719774335393,0.24244664365980934,0.1639023876782694,-0.4283209040310352
2024-04-23,-1.2042301154200628,0.22139867572103822,-0.012802308262470141,0.30212402961293494,0.5099106879165161,0.9684766063892972,0.015883955874877925,0.14796049366214592,0.4131563128296191,0.37217037229222216,0.2073821295485826,0.44933156592233475,-0.13605369332945721,0.16520575219704292,-0.013914421151416001,-0.05549972252403264,-0.4692563970939725,0.3444088471743356,0.8795534933329399,0.3014155404104947,-1.729065800052238,-0.7570824793654656,-0.05112928935164285,0.14174053557932442,-0.04032798913683582,-0.5865073602250458,0.13059469614959074
2024-04-24,0.6719811352096492,-0.6744408587793701,-0.6649924013850985,-0.5075284307806116,1.1061330407799659,-0.3022136773374965,-0.660678572672608,0.05041361079329516,-0.15881461582366915,0.2825570873203817,0.12643167501138064,-1.8786600430041775,0.15100431295833014,0.34734413063252195,-0.046507903128882366,-0.08427431175747041,-0.6033176276667039,-0.22043670180217922,0.004149033180754665,0.5700716670243443,0.8181124763551616,0.12828780312495344,0.25793734443122024,-0.17013372882588304,-1.8594147037986208,-0.26951404929224354,-0.1333539530184238
2024-04-25,0.5363416508432701,0.012854371962457922,0.323019041902801,-0.0963933804754369,0.5279838067274446,-0.7696888993420634,0.663623060330105,-0.3832760632806511,-1.4085634645585614,0.2756950306470707,-0.5462309396845322,-0.25860012042267155,0.07369261816166356,0.11335244217437734,-0.19182038971290602,0.0645157393808774,0.041245271219952265,-0.04899227023095523,-0.21400533333049002,0.6544382339919138,-1.3645917647141084,0.2044360887817172,0.7701805305782585,-0.06372808080045023,0.12434426098395687,0.1608161373063851,-0.16995799984001803
2024-04-26,-0.3804444238542756,-0.007995360104653876,-0.22661952073324199,-0.2454052276421015,0.9934151676743836,-0.3535633654982221,0.26505012673137407,-0.311667165969927,-0.3507900009560495,-0.11206461938202589,0.4632084689982745,-0.3950591049488302,-0.2064451009210726,-0.1989439092516903,-0.34151910962431997,0.08778324207569135,-0.000983628517693626,0.1276525243579898,-0.3068216927296249,0.565617306577153,-0.01595024278103413,-0.21046901484234584,-0.2576222507898597,-0.10386956680873777,0.5164074529450507,-0.3778829510447436,0.010151795342925332
2024-04-29,0.10738043402867847,-2.0437677824439366,-0.21915299072547403,0.01043763667978087,-0.19699103884672536,-0.49246171595265986,0.07852867967850069,-0.2459356547695677,1.9036670746131228,-0.5297632388883846,-0.48091684284934094,5.643976228531967,-0.47228630618506395,-0.06356890356345915,-0.20403338571491197,2.386377638332125,0.1276459734231949,-0.019967024297451896,-0.8419249601646666,0.15813395121442197,-0.6268066310128072,-1.0313304614308143,1.1022052194412435,1.8014602540140614,0.29915351404747376,0.048175715843850164,-0.14692317391895937
2024-04-30,-1.7541101752513928,-1.112869138058414,1.110986045143933,-0.8910868192697279,-0.5839325823625345,0.02617313806908511,-0.0744993000411783,0.1412790518764815,-0.48233221420599204,0.28219198398099377,0.20655707597477424,-0.6935400022870554,0.2807580994438777,-0.03895910823781462,0.21777449836734192,1.4074299798360759,0.618174966166423,-1.2240492152480216,-0.8089608433088,-0.6954081188110632,0.709827733323216,0.7542618270504542,0.30924043908514004,0.4051509149072501,-0.880960492480965,-0.06702604039672555,-0.13128401036524462
2024-05-07,-4.92748819529396,1.5859539488970946,0.5993173185192979,-0.9933386403290411,2.87537952043148,-0.7365075979733432,-3.249065446399869,4.055251015471208,0.17826537108687046,-1.7753580326192502,-0.9095201009995799,2.8259089052602757,-1.0638828293025786,-1.6945861802702167,-0.4408689082735733,1.347808924198124,0.3824088132835135,0.41530903817087483,1.2443991744319896,0.7244603854259496,-1.4140169673639424,-0.2794988242987168,0.20129156500003037,2.030594007256017,-1.7755698447385366,0.4907558697290667,-0.14004267449640917
2024-05-08,0.7850920577487097,-0.27573402947950354,-0.13444450755785753,2.7114550032622686,-0.30924209534055946,0.32037950354566647,-0.23198661837426926,-0.17392512866215615,-0.3529677067495215,0.16533916613997435,0.36647731822494284,-0.19346431675585865,0.23512154999336676,-0.22764374548869887,0.17494546085474919,-0.43989671243275286,0.5037594754954433,0.1397915094537094,0.41629605605917397,-0.4559007950758607,-0.22342040594628,-0.3065640096935289,-0.6881960815770596,0.10232719884885014,-0.49795917045045857,-0.4414802417816407,0.302037935003999
2024-05-09,0.7408710676366101,-1.4468190831065522,0.04061053081515936,-1.0303404622841346,1.6615435304859747,-0.013750809447342,-0.1350745032302369,-0.8351547677145148,0.025563843926440684,0.052614951291623274,0.08305848852888659,1.4421114352638458,0.024274248667990717,0.09170183919326527,-0.03369776445506531,-0.11129979278591454,-0.3392968561804925,-0.09817470357054014,0.667540007516737,0.27817456865370993,0.06577439850675476,0.06958058340214085,-0.2244644009263658,-0.43520895049182406,0.12157615900870827,0.00032795006848139463,0.21419754181838346
2024-05-10,-0.272932842252505,2.0492111616230937,0.7147075803093317,-1.2318583607889153,0.6762678000885523,-0.11037961201894701,0.08554438069858102,-0.13404828560422322,-1.2043948156393374,-0.28056557236629764,0.1872812723303165,-0.3530878217033089,-0.1563685083843539,-0.22722752347719366,-0.48071890751156965,-0.043602583382013005,0.055309073172984904,0.8250960281224298,-0.5313245877956735,1.0188064320972918,-1.1690250009971963,-0.4386642115426148,0.3448915844316475,0.37795221788432376,-0.38863020386267666,-0.23492345803206377,-0.8100452658609375
2024-05-13,-1.0989689731688599,0.5853036616204879,0.07349547496925252,0.041226863474566194,1.7790423567166416,-0.48273161961369576,-0.42210455575387623,-0.4097123452793392,-1.7506537395606785,0.1711394595545233,-0.4756195701524454,0.9566967811100211,0.2524208648625118,0.1528177603516143,-0.03927556352482684,-0.723383950112321,0.28797784420962225,-1.2111193394568882,0.08236106662510008,1.2204191312416215,0.107936504345085,0.03534495209720434,0.8563679601543643,0.26142759153174355,-0.0023049725764576617,-0.12789456506858154,-1.1334747214112797
2024-05-14,0.5527330666215409,-2.1977937939506877,-0.07830977252167926,-2.1973523736527825,0.4030798773095553,0.25957153401120764,1.0657640607471337,0.14422577327853425,0.5393784746482271,-0.17415532168506637,-0.4794802888006563,-0.11722289257115337,-0.1484518685057874,-0.41612177760459423,0.013065943243689704,0.28950742958647924,0.043758501691066876,-0.04273012958218381,-0.27401823760050537,1.6967130279977845,0.42505181760634636,-0.47128255867190594,0.06377558781670967,1.243679988529624,0.15127110046143866,1.603258987463593,0.0017992139313252192
2024-05-15,-0.6202301044589434,0.9520459026650392,0.9999011251290806,0.3962537009254069,-3.428131191371827,1.8779782146522739,0.1315537571951581,0.5733420121808535,-0.40352514409945395,0.1713149324151134,0.16411006458598937,0.39639179722597273,0.2944994108568777,0.7432357952929919,0.1623770406079405,0.03942386013386617,-0.5811007512858003,0.4447870733470878,0.8834238907922849,-0.6867732864951099,0.7292945978522709,0.07872551437542474,-1.0976786374390528,0.35930925437931394,-0.4051668519284933,-0.8107925316161679,-2.4910611594713545
2024-05-16,-0.30382408019303947,1.1951186130055842,-0.6826037637782401,0.6138350255305013,-0.011448791540321857,0.23082634906135852,0.3351109590040086,0.10871434910014602,-0.676697765669199,-0.23805704160220972,-0.11789093313814109,0.4876089932133789,-0.1950355238447159,0.17269581714807236,-0.10155684739696647,-0.025269305087950084,1.2440521402026934,-0.04858076533447708,0.6195465796281077,-1.1370758082423045,-0.34951803603845905,0.6407067907368136,-0.25720160166196226,0.3035639079757822,0.10489824025294164,0.4078741590895238,-0.03176442347617135
2024-05-17,1.253771134479359,0.4117817340219405,-0.9657653338669479,-0.873732408279511,-1.1079050993872381,-0.9878732716226125,0.6181655347861489,0.07641121475194534,-0.9318678917107269,-0.11554517025079314,0.2041451340171152,1.049850263227332,-0.042676502567649766,0.28420011108719645,0.36093811447374513,-0.6140622302586279,-0.27984017001346384,0.029951402345140155,1.1072962825460935,0.8344393433668622,-0.5081389449349185,1.4003098598176642,0.38525997782644095,-0.4593888423675785,-0.10508161612721931,0.08859016067832282,-0.11486669327282593
2024-05-20,-0.4181748258185355,0.5075498838572252,-0.2693156677516375,-0.45921547850529154,1.425455193474789,-0.048566558609394156,-0.07542642713822204,-0.1345673592424388,0.7866722986258059,-0.1280902102642713,0.07508837932756512,1.251830694741195,-0.08251907509494726,-0.3519292939764659,0.029099891020753006,-0.07599631612270683,0.5779240935190807,0.48488226654751054,1.3978678825175201,-0.11064939753453679,-0.10007399717965731,0.555862835084086,0.9795036988653645,-1.8881186142827777,0.2366515029080538,0.34901145881119083,-0.1918575807955234
2024-05-21,1.4879042109405007,-0.5325279369869663,-0.039287415916337665,0.17758706417946363,0.5164075683931089,-0.3321704378262603,0.38163151340859547,-0.47621438382440673,-0.6017509735946018,-0.1187250641599068,-0.20549238372119288,-0.689767514522554,0.029292834011648783,-0.22100691324219973,-0.12146946005244902,0.4023030820979907,-0.7603176844560761,-0.4257011562929979,-0.5072347880292102,0.13934255978827326,2.346018589376959,-0.8699414107300366,-0.08724043486437283,-0.12628201080113022,0.295009174144682,0.08180661011042083,-0.23151159729027437
2024-05-22,0.9871258123777555,0.24548214107386102,0.0833921220445808,2.638016378996205,-0.3767340302531371,-0.12472481150316267,0.823525263914753,0.5123693019268795,-0.5613035379984539,0.03491794771905188,-0.17237787503739566,1.7175737458639906,-0.31482283423475577,-0.22281533647513885,-0.0913468983880692,0.10692709323568132,0.017992580115203827,-0.4930804760651566,0.17639972822249428,-2.217927777515942,-1.3549061684468722,-0.8579983325212674,-0.30958224651424304,0.6006583327267889,-0.11913374808702168,0.4214684014258967,0.05896677379346206
2024-05-23,-0.7590677202850414,-0.7512305003532754,0.1635720968288143,1.873534389521649,0.6058550896392129,-0.21184033314863498,-0.2714321994438266,-0.3640219926980434,-0.017409586133681362,0.014805901990199155,0.2094418795789103,-1.5869030840815783,-0.012344264669015836,0.1997464988579775,-0.11186510858968979,0.19262283844738814,-0.6707534249274748,-1.2936176811021745,-0.5497000122950879,0.19044123850094896,0.2889981660316246,0.19518040332637432,0.6576606386863694,0.13789787339587933,0.2692171757910044,-0.34688330743363527,-0.12675742502474474
2024-05-24,0.2817100220256087,-0.5284228621187832,-0.29038256639615073,-0.9844537394197479,0.2871327877758655,-0.021461353539782818,0.06104522655322324,0.2034608466440988,0.043741256550040186,0.2868291448751562,-0.4558267759256044,-1.1600040142589754,0.27832345846308204,0.13738240514386424,-0.02497497847514992,0.027523688662611973,0.0874303494281638,-0.33167006249817704,-0.1259407494279021,-0.5890415065913337,1.172057272828479,0.40927172574634973,-0.32578321213225797,0.30460729200294984,-0.031025844266673812,-0.3883500328877141,0.07409642194247558
2024-05-28,1.9048094274287277,0.19037307922264624,-0.5782481992285484,0.7062457042586163,0.40645683901270657,-0.3244011665726121,0.11075045989416088,-1.5301653566197537,0.32944565845598917,0.13499599837057463,0.29422982202957204,0.6204213050387926,0.13784867686888347,-0.2032752795479566,0.0830508777072545,-0.23034203159311045,0.08902005299822552,-0.3118194811290511,1.4680225803423728,-0.06555244075038291,0.5914601608611945,-0.685082161281795,-0.4867918375561756,0.07803593629885874,-0.009377888643327656,-0.2261019019366131,-0.02065172116422341
2024-05-29,0.11736979464398539,1.2058301953342683,-0.014592101540981006,-0.48635304015744274,0.08145784018114233,0.05519638140971686,-0.45066172545018546,-0.010980515547055814,-0.5675993743867433,0.2827089197200877,0.035544898825678295,-0.9773023639966771,0.24831092141728678,-0.213786240367546,0.09481486990487725,0.056375710423944556,-0.392145502085819,-0.34967463697699663,0.8651935753076807,-0.6726726016435527,1.28026376053074,0.27974710301352945,0.26455169968027803,-0.5883715365088142,-0.7980513738308775,-0.2935984124506395,-0.0497691452052562
2024-05-30,1.172517300611893,0.5699515803175462,-0.3158367389794414,-1.6784071724918204,-0.2200672817055661,0.3121578570631011,-0.005918131023465278,0.4339720388043573,0.15487049108107592,0.2905994597162911,0.49814891528428623,0.9554352158582294,0.47038970909604594,0.03934496884580296,-0.056719394475702956,0.12327859377479371,0.6930062166956887,0.8497191238749344,-0.10369764095951584,-0.9435337363477214,-0.6722329397094076,0.07926910504228912,0.5005634652862904,0.5513041232997511,-0.5146877817285692,-0.07393897249608794,0.13576598022914244
2024-05-31,-1.48615077965915,0.25030009409174014,-0.00724848544073553,-0.6294896286880438,0.2738961800722294,0.5017629621487883,-0.11935611737850549,0.2247721434782649,0.827007333297872,0.21460966795799552,-0.22548076007009843,0.2784416295248695,-0.10582968056195313,0.4751680483640256,0.1853699212151505,-0.044493311885835565,-0.11678016202881186,0.07871723641649275,-0.811818236290502,0.46449482337072656,-0.2527230920077641,0.3584808050951427,-0.8591115847029118,1.3867322197110232,-0.725591433538506,-0.31514244891219495,0.14835738693213774
2024-06-03,1.0180893471782535,-1.2340374587306615,0.1635295993345402,-1.9268340672134778,-0.044909645435821544,-0.1449852398015365,0.42027123041204983,-0.6437410077975383,1.698870693713298,-0.19235366116419628,-0.32619646100872823,1.8420060205818394,0.08760216370195195,-0.12165229783167297,0.21346439398772765,-0.40804594430277774,-0.2008984141448008,0.6676118537556501,0.43106006292985444,1.3146363844713023,0.5010091963903807,-0.5442629847015779,-0.41577699852461625,-1.1050960763671305,-0.7317355243343726,-0.4073372102810272,-1.7126251993855344
2024-06-04,1.7232638022078486,-0.20792510924371876,0.06607349984323757,0.6704962025641079,-0.8211642413445824,-0.15145054535207125,0.11621533170711282,0.08892668946325516,0.20702328110205306,0.12194754689517279,0.16578350413101373,-1.3570869169079771,0.1065903437607546,0.5665142223278203,0.311910943622417,-0.5295761562878821,-0.6033575080023799,0.18069606092977253,-0.908480069501068,-0.9564222869248762,0.6986911894181902,0.10349187636939106,0.40687406579376223,-0.3050525126448649,-0.44412749527044104,-0.37667477691436624,-0.5005244553511017
2024-06-05,-0.18454297413450066,-0.4354153689136625,-0.10453949173697041,0.9752619894755786,-0.5406029589753402,0.13783237960188255,0.20122724358137908,0.26341285135260334,1.0356971423315353,0.2398084782119751,-0.2556063784517223,1.7552395824407054,0.21023599853833813,-0.05204517816594631,0.13574481512312758,-0.7022654452496567,-0.030684960857650573,0.7680282540517378,0.41661406692262337,1.2897159787276358,-1.1825338493170634,-1.515541224344303,-1.1978125812600733,-0.08842353090391336,-0.28026608226190286,-0.6253035322734177,-0.879241654829056
2024-06-06,-0.23245319627818478,0.6959682729966525,0.6230033038866323,0.05410686352188587,-0.7636822386196344,-0.15264626463652986,-0.17782054323469512,0.22858274537951861,-0.38460432092135033,-0.11497138237024629,0.1865711928329462,0.423771696609872,-0.09259676410558437,0.07125190516176105,0.1890745667324829,-0.6064968195326994,-0.06751208620027338,-0.3250860879624746,1.1837735636937587,-0.012689542282325439,-0.18912517438457654,-0.3250339644388809,0.08852605558538629,-0.4866682890444879,-0.9368530595444993,0.4320060200499827,-0.07978952746057198
2024-06-07,-1.0308687529031524,-0.28408997318287166,0.0035113130266429815,-0.48166061350431844,-0.46758512558003884,0.5815869643508647,0.5874887151658774,-0.5742395998694021,0.0970929075806981,0.43796416354536494,0.8359832334991526,1.0251862410404273,0.540058146555661,0.1849600525501641,0.37449495857810605,-0.9439746920639869,0.3514851344947454,-1.5346350879516817,-1.9311518444339226,-1.2799742569445298,-0.6566596697466345,0.20178289010781914,-1.6447440431639664,-0.7656600199347601,-0.08659183544389343,1.349116644083035,0.1757370636317761
2024-06-11,-0.4870278842549012,0.1399291348051385,0.44161490647378143,-0.6963537969382693,-0.33572106157850734,-0.040974416780853395,0.7840411868954218,0.23215392422585887,-0.16435281085431097,0.2758419385740676,0.6690513405516176,1.4932125377975372,0.23043614606259522,-0.31125077036073284,0.3638644612384312,-0.3173111005394771,-0.14717400563977495,0.6619050701317687,0.057885372861105344,0.6618086599831758,-1.2398124705821991,-0.3329441484381651,0.3699944019633449,-0.31753458655822175,-0.10655240958001305,0.11561210217484955,-0.7873202669025191
2024-06-12,0.39537218425254506,0.03300024561004222,0.7657775376543877,-1.0821725122353962,-1.2863626161245683,0.10998054322983321,-0.07833242022983211,-0.05434578074751664,0.5317513328149469,-0.02835430121738658,-0.41779937692638974,-0.6185916983568591,-0.042412175475761066,-0.3471039537431551,0.029789467748329912,0.4881334727768558,0.38729779625453176,-0.013421428476396713,0.5224010382669011,-0.1881084995493033,0.40773755141547063,-0.21138297141380058,1.956726626587976,-0.6034477402522374,0.1256774879280973,-0.003267693856274765,-2.649940283918878
2024-06-13,0.3181901179250063,-0.17889280499780197,-0.024250353822540927,-0.40391576134341,-0.5188325690906789,-0.07510227929744309,0.4775805961784425,0.2961593826189026,1.0442712775555714,-0.22053246371737567,0.7244371363074843,-0.7801517449311248,-0.1916837068665202,0.09329451335419997,0.4321430890332921,0.5037188372038467,-0.3021137306797611,-0.39685626617781766,-1.0577355084061315,-0.7356622703534108,-0.23545581403020577,-0.4712673208988605,-0.4027690490695527,0.04092500794247789,0.3056304941100226,-1.8620615119095139,-0.08439629222416566
2024-06-14,-0.020010516014623947,0.36236918420169306,-0.4128200361635539,0.06921120785621115,-0.1271163111914616,0.18293326913672325,1.1549364110759046,0.16808476308093578,0.011683868811760922,0.3806621207101071,0.26869092562888336,-0.37972065872539396,0.31747216497131064,0.08733501350523709,0.19064717892378424,-0.4596337452114523,0.29063820971294607,0.6803203395694015,0.2669541112169853,0.5336761264948264,-0.7932862577589315,0.16777123074912495,-1.6136951515086786,-0.1383301982262446,-0.18947901075150658,-0.1829154755096045,0.3044367239329846
2024-06-17,0.9984824239075247,0.6187631426216516,0.22357051608412193,-0.5996332617739993,-0.8073945002275182,1.7598891679502104,0.0738493168794683,-0.4360908167506261,-0.7817321843306935,0.41629145835895276,-0.04618796016312443,-0.9024795244967969,0.4178774851934993,0.2449310762489758,-0.15731342589021302,0.10825245098817651,-0.2763133288195108,-0.7533596054509192,-0.06569777764877394,-0.7825519758072714,-0.5685974116888037,-0.27345242873297154,0.9426257617750291,0.7686988328753509,0.017718288475611917,0.3659431440378591,0.00348678533768966
2024-06-18,-0.4715624576932834,0.21281751961441497,0.39307830803093224,0.5128421263313551,-0.739818120570165,-0.66591584193249,-0.2114379067702657,0.43921897137433163,-0.33039919870183415,-0.2751851537185626,0.0405229410825233,0.8577706661832272,-0.20567987779841906,-0.05959729744964731,-0.11987743874168433,-0.1819918098487872,-0.9926648453922335,0.3103063303052349,-0.21696167490669943,0.040750338286007826,-0.3080346235490369,-0.6910323989486031,0.3843910095776357,-0.25297610480791544,-0.3859667484205388,-0.6923294767147663,-0.9687135685403245
2024-06-20,0.8572342901598314,0.01763218462070698,-0.4794349762003163,-0.06448102581536505,-0.041772141723419476,-0.5037509908166687,0.34714320363671414,-0.3944426093080191,-0.06242345286941259,-0.14131199542234085,-0.2309160362676821,-1.2137822843013073,-0.019122868369849416,0.011923950460651173,-0.2597928055691393,-0.04824902290487472,0.2906859168983056,-0.010610067202641904,1.1968526126157095,0.6273278481617264,0.7161367218009531,0.06386547912115842,0.18345002417944611,-0.6064141212240451,-0.7202820219305754,-0.12276422108998819,-1.540681832983514
2024-06-21,-0.21085086772760253,0.5738376125514615,-0.10850397599933381,-1.636757196110442,-0.4078172476350752,0.5971026612167998,0.41727046817694524,0.9335991018999404,0.6563558629431453,0.21493472050309642,0.44961343326634307,-0.28468634176132146,-0.16372900039973448,0.5031696978573895,-0.14502791268311777,-0.5416593542823602,-0.11897988039563781,-0.5678594782798623,-1.0309670658050623,-0.8574727426418058,0.5989419806452402,0.3842134280542554,0.19603266062012858,1.866822645963276,-0.24989133589999213,-0.18616679463663863,-0.9079900327442394
2024-06-24,1.7630738812375446,-1.0763781024987817,-0.7236635537804762,2.2566597547888874,-0.5245857168617781,-0.8058697623657906,0.5313244753332222,0.3534773771277182,0.7581840025347002,-0.08627642038381383,-0.47345440162855557,0.9837564446991611,0.0019268422959327625,-0.278667614833631,0.09336352611990312,0.2170325131059349,-0.8024391101503539,0.32374105781854423,-0.5461306237749859,-0.4559253104327763,-0.7048223179377182,-0.04246659028653346,-0.28733522506106207,-0.06380726634796707,-0.4324945694077507,-0.9130881723616926,-1.885184568575752
2024-06-25,-0.7964968185702301,-0.3454036755549337,-0.19943232796247234,1.437187145435545,0.3684552628845612,-0.2899967861201675,0.17528491268412652,0.15156224912040106,-0.44519785029419945,-0.13432870562998445,0.47796115126840943,-0.4802100993855385,-0.052059046899869676,0.19823404293810604,0.09580443150206536,0.3747100069114384,0.6289888229346822,0.1547641725821327,-0.45905493320874213,-0.4989285193355909,0.11328189147308737,-0.013235338147180309,0.8081055017799667,-0.14998125862871026,0.16821194941733192,0.1814573415097327,-0.17255434836411165
2024-06-26,-0.9936724375723764,1.120193503529575,-0.4464236469058732,-0.05267649553910597,0.5157407801389935,0.18567864903713377,1.0225175572238197,0.24699667853374713,0.0657568942371598,0.15405280966527946,-0.23364438236809693,-1.0567311333661846,0.03407575545729989,0.2957441632506818,0.46309908058849114,-0.5830629389867321,-0.24080630223099034,-0.7439237137873885,0.13913186451273463,-0.500340751178215,0.19441485848862694,-0.5572182896333371,0.8593867424685859,2.1072423745993354,-2.8460524118908284,0.16729561533809562,-0.4251080646660297
2024-06-27,0.24453463321647118,-0.035521038541909175,-1.1240681858056925,-0.6456045846429568,0.6485458921570861,-0.10674896565044661,0.44214347762118755,-0.7286159630702321,1.8909613967214614,0.22880577198955443,0.4145757877375543,0.8273505661922139,0.06151991191628342,-0.32529592456965467,-0.10329859906364347,0.1910644419052176,0.20116774082280844,1.871053149206818,0.1467385259420328,-0.4832574350835358,-0.5419595278630704,0.39252505021255013,-0.3495958101023107,-1.6355769472750994,0.15961733302347905,-0.08878648395943867,0.011888980165484689
2024-06-28,0.21858755448791428,0.848788691883051,-1.6013037923324909,-1.7070890325606771,0.32126080155222275,0.056723694485354026,-0.32174497080443903,0.5668119653784531,0.5769017261106616,0.14052980124227846,-0.41806072868527655,-0.789215554503201,0.09864842129904196,-0.08797415805726772,-0.32784809505066337,0.2801270791853533,0.19604738073021694,-0.3935496678631956,0.08217088516030757,0.4675496419110847,0.5954492536393401,0.03625422899496977,-0.4056415600825378,0.07982986974846351,-0.2062737457633145,-0.20036042626231504,0.02620448102093055
2024-07-01,-0.6989825382071486,2.199323612312362,-0.6733612002162929,-0.051759813133863575,0.4299499821918493,0.08268539059249605,-3.644745609037063,-0.17449787139536654,-0.5617638773231759,-0.8377331712342443,-0.03232327029638815,-1.158655262981147,-0.161528747741005,-0.15762915104034925,0.6219049509843497,-0.6588747143698516,0.5263002006904278,0.046135037615875556,0.18255990377275325,0.8674258440457757,-0.2151304290991901,0.4790498841500599,0.09220126787762975,-1.3680893208363587,-0.16267298405434777,0.38703111561642145,0.2742153212878735
2024-07-02,0.19561830524563045,1.1746010059201344,0.1532506595766543,-0.7771783017710147,-1.25441999422844,0.0762853563124544,0.32197865908895634,-0.03495097290748539,0.6242069480226662,-0.29290935321764167,0.5503261243166427,-0.3121964916681565,-0.3715294406893388,-0.16531939567786302,0.09363374277320105,0.05447801305754508,-0.5114623543580358,-0.44440495856376944,-0.09522389620162933,-0.05358245435274928,0.03959158349850743,-0.925579697192449,-0.285110797404675,0.9737178657013268,-0.3514630064987031,-0.22257338120742706,0.04249525372720077
2024-07-03,-1.0460825412614176,1.6783728221786327,-0.06893604202402939,-0.9732599541595847,-1.1632569124201853,-0.02853055254698944,0.14455521705879565,0.25930272707838387,-0.42844911197005353,0.25268260376729174,-1.0593264191530407,-0.35116465755387144,0.19808568044567776,0.2821210938520962,-0.09210121499906616,0.8389160915796716,0.10549944511164783,0.3169348131503744,0.8959780162418638,0.5591046051819137,-0.21163823715345786,-0.1822004722997118,0.48382500219361324,-1.054098149212597,-0.22698821574912653,0.6168626771850245,-0.11336613889002488
2024-07-05,0.40698395131375764,0.8460854767876254,0.414758164902409,-1.4245465357427296,0.5405099077505233,0.161911883132469,0.2488183058645146,0.06785711698157926,-1.3517677751044634,-0.3024908610565712,0.5647028689889416,-0.8368886058310001,-0.26251008191558134,-0.39281805597016883,-0.4547552254053293,0.2976725178727547,-0.48421625597265955,-0.032418878443179366,0.20268960435253636,1.2492513496866446,-0.955833840973907,-0.4136213648017549,-0.06636618002500402,0.8199162686605233,0.290466954109995,0.2259097821246605,0.14311313186621977
2024-07-08,1.7420936241462213,0.14812646226984716,-1.0963291145568168,0.6403011513975639,-0.7303915636933664,-0.010569366730446214,-0.7420459854788661,0.25176124361028585,0.7146372950610542,0.19508022499452427,-0.3558151137162229,0.3977348549023304,0.19974807385730203,0.1564811021172407,0.1448162462333331,-0.22184699753814702,-0.49071340037732597,-0.46138552648854714,-0.3242728293424644,0.10867240919412913,0.31991643161769123,0.7402115950619061,-0.45942321856893,-0.7756649955984092,-0.1567641413875443,0.4220498983641061,-1.069266405383871
2024-07-09,3.008363406549509,-2.290639094057277,0.7310789707728678,0.10403268096085422,0.636442848436678,0.1501626552582342,-0.5829529056159908,-0.4848560859043016,-1.1961649925540545,0.39992739150346307,0.03200393816003977,0.1646270376410139,0.44327383056610037,0.574577428012404,0.004888956079976192,0.21102701855507167,0.31533464196820726,0.149751503834817,0.379757767506359,0.11044513560358693,-0.4391620655558546,-0.18505093128996486,0.13914567087766228,-0.48364914573501305,-0.29182136399458125,-0.20226154877944855,0.22671858523822142
2024-07-10,-0.9971766919742759,-0.43686945976410374,1.0344777349533736,2.057179037925175,-0.23806271733565632,-0.19593474573283381,-0.1076994085855125,-0.6917153325088163,0.49321311896015063,0.09353600443799764,0.063350685680125,0.02634152467494222,0.16734783775722778,-0.47954184012188494,-0.18704742164766958,-0.461502594219702,0.05738657100244726,0.2351138240615257,-0.3375561175831174,0.2639489777069616,-0.6152517991985107,-0.7130257770232779,0.43037485751098536,0.18629555564984474,-0.05514296591745006,-0.15180515899463562,-0.004498471274611213
2024-07-11,-0.017191505129171003,0.8079390597573717,-0.2553200419352144,-0.316751481353909,0.851608596650568,0.2875075898815888,0.19597562331882912,-0.4053928697147515,-1.290550692394525,0.088444532721902,0.010952968106600245,-0.3090894856445827,0.14350112701840775,0.2250976545424206,-0.06246311271434301,0.0036856533399802095,0.6628247388552593,0.9432416761476501,0.25739220553803266,-1.5331312207186645,-0.2572667080959857,-0.11257018503001157,0.13196388243137033,-0.14529947639554125,-0.4158952842257094,-0.3737983818273154,0.28539196704364134
2024-07-12,0.6628016107853116,0.618396882356568,-0.7313304392112319,-0.10585210307246949,1.3898284670332721,-0.2190488125093964,-0.10830466739385977,-0.39183351200031147,-0.435589030769317,-0.07553061504609632,0.0580671242865261,0.3503260807338998,-0.075235758151693,0.06941278208260715,-0.02574903911963697,0.02377278878250044,-0.19646311278624512,0.3831151780159875,-0.47621528140993674,1.1949391836820316,-0.10450167918017497,-0.1595437129080031,-0.5491200492363355,-0.07841671798416106,-0.05361385811645096,-0.41274746524343653,-0.25263849343323397
2024-07-15,-0.5295280787224221,-0.35386673825316595,0.2518696924708743,2.072785342749591,-2.8218665583621174,0.426071036197431,0.12816426039345513,-2.049823038649657,1.992485003789714,-0.10846296668097986,-0.33634783045375377,-1.6841391732360185,-0.1262273318385219,-0.5019826299325684,0.015165816067563176,0.23962479123528707,0.5317494967281,0.1501555772447355,-0.5511322924727868,-0.901869918357658,-0.31971425487262894,-0.18306859893172966,0.20554983685864467,-0.16202705057537853,-0.31860486434724233,-0.5186058203559041,-1.7873640739712138
2024-07-16,0.23191713499377503,0.4580794578001897,0.4386466724881859,-0.16892549376556265,-0.7700816011383944,1.2012011421709456,0.6005238078588511,0.7022520551411491,-0.22942829280696997,0.07033031635339837,-0.11810816000544999,0.6060129934578029,0.11153975660626664,0.4314352562830457,-0.11545092093184439,-0.0915302115058508,0.049552884493145224,1.0259447987310197,0.31425913092072033,-1.035456163245991,-0.7357041654213032,0.2355718876328694,-0.2798165736717271,-0.1799622174422872,-0.45546003325989837,-0.3678412405291033,-1.7721410912783173
2024-07-17,0.34469998477358244,-0.8902614811224056,-0.16976693788386665,0.5752766228126389,0.4601447720223477,0.2491604040316162,0.6913963591923546,0.08829595845091809,-0.8914697439788148,0.27092717457807747,-0.10815981906061731,-1.7938931037001473,0.4781227290892768,-0.06001667851578124,0.04572801677123084,0.016231122231475922,-0.01948153834763658,0.4311859148314791,-1.1381313557311121,-0.07847482104912107,0.3493811459314557,0.2540370199733564,-0.33205734343039317,0.5475077736418417,0.020168440779362223,-0.5294818717309702,-0.01764166797661469
2024-07-18,-0.2252047996062051,0.7003183185982554,-0.6748059333864564,0.7071023508776755,0.5557611576633605,0.20301111165286742,-0.47385641376837495,0.509822686680457,-0.48530459208544174,0.05007163026747485,0.15588442138675113,1.023539336979495,-0.001234055742191896,0.2039058125821256,-0.06677547064005006,-0.047637402137382545,-0.41378163653722344,0.519960497043646,0.5477596202219519,-1.1742531457801233,0.295696992770038,0.7508418458959387,0.24747144360433293,-0.49694891158403154,-0.21532681827809502,-0.48260442304296014,-0.780485900523834
2024-07-19,-0.601461037171054,0.5611756893295953,-0.037920307894028116,-0.680971985000989,0.7739919904073665,0.01859718767041521,0.46340929369760697,0.17468443087149632,-0.44865944930521384,-0.3134005982373138,0.3384809651758898,-0.03602322746226367,-0.23196348862289984,-0.18044465586108505,-0.2925897528876593,0.20645701864613347,-0.29317867568336264,-1.2352517711331337,-0.22594950440400807,0.2397029089064756,-0.2441075576654661,0.3121821486162867,0.11594426995513585,0.6459528587880585,-0.014749427426495126,-0.11526626831828574,-0.14628891344332384
2024-07-22,0.7623619010248837,0.06849897627937496,0.44437108299538286,0.0858768219057325,-0.5977674379323951,0.12153952117237332,0.38963271028746777,0.49470530783179667,-0.972370903194522,0.012864918858267058,-0.3260518825752119,1.2627455452737741,-0.0973046554931078,0.425759621038281,0.3582156016907281,-0.04689357615904649,-0.1899922680119582,0.39290264032559824,0.6987061948891216,-0.16103461635370175,-1.322520811118761,0.08090252079543017,-0.5380407110537662,-0.3671556357791461,-0.03240494487251926,-0.04966680417213172,-0.15156330610775637
2024-07-23,-0.5340404362210421,0.038289370876707585,0.5917670043097166,-1.3650484508234595,-0.17051096840981156,0.5805855584735153,1.1586039500897347,0.361784477422377,-0.09944505314050434,0.44189126155491754,0.4578651338770068,-0.521240568684294,-0.20193431934881678,0.09248030178675726,0.6868943680884374,0.09153843011319802,0.1914529727216296,0.3776683407228194,0.04665144829961875,-0.08713485576477631,0.27678597266187077,-0.09979705700026448,-0.4482676104665937,0.16727944720342677,-0.18793990237122013,-0.4314612141598106,0.036425265714886926
2024-07-24,-1.184667208943306,-0.5023191971877927,0.7101091484260165,-0.6403389707693072,0.50878025479924,0.41418597555047615,0.4546603093310374,0.14708079627411613,-0.46219091590294836,-0.11319425562156571,0.5113124621364232,-0.7006367321097143,-0.16553650649279933,0.07200304237649702,0.27688666983893695,-0.12333661265161568,0.16758393620524425,0.15246489994690993,-0.18952883445836954,-0.5782217202191997,0.3973108246765978,-0.18262137351781715,0.15820647050639824,0.711391273069751,0.07098574072064365,-0.9416766272338727,0.29869932983851744
2024-07-25,0.7037974936533337,-0.45772959338406893,-0.02462420840019791,0.04702417020243571,-0.8111142959311503,-0.04977236268172193,0.6511714877552304,0.054655735717872966,1.7665541053503242,-0.01211631084486997,-0.30782454523746355,-1.0098214504593717,0.08173725650848984,0.024320900652497535,-0.06703218909024161,0.005817743148563469,-0.06054512706548272,-1.3611208158490595,-1.3583240294777812,0.5943182029623579,-0.8814703793863516,0.14344980073206604,0.07324072998245344,-0.40575793211330424,0.7782722263057169,-0.34227065022781183,-0.23308507050537752
2024-07-26,-0.152126334045513,-1.7584231649843316,-0.09880719858691456,-0.42057152807383447,-0.06450128210265671,0.17928739584657005,0.09505495903143285,-0.8951128639842922,-0.01709985937704961,-0.12235532057518239,-0.41429108830518235,-0.1670170340281329,0.014718643591933644,0.15962261064475614,-0.4194545852601036,-0.009468500835334716,0.4671497699740879,0.8853713322549099,-0.08262732800488834,0.09247225656447697,0.824614946448731,0.27774225959459425,-0.12627806805346597,-0.14384262826656036,-0.045508193424007186,0.7342867650799649,0.12073508952594116
2024-07-29,0.08285012572782786,-0.8131275872310308,0.2883467733565476,1.495566117946456,0.5511047970869252,-0.358910080115565,-0.45338854595446887,-1.2536166072642585,1.4289033310404617,-0.13411461209562092,0.23731661496774573,-0.7170033093464636,-0.1103399271986587,-0.24513568404390929,-0.2635103510249437,1.7084679940811007,0.009418531731113039,-0.2990666265744314,-0.37516307382746866,-0.09648831292923177,-0.9062340824824893,0.7093201117128396,-0.3348438976275381,1.0472568047902653,-0.013618484362064191,-0.6391073479527782,0.2765680954310925
2024-07-30,0.1884990900060698,0.2797738196116383,-0.5457990384771803,0.7623753881647318,0.36254993985405026,0.0580793837026337,0.5947734208018712,-1.3468755554112932,0.7750330622510454,-0.015240502201849249,-0.3436462636161952,2.8091329045443274,0.037021349981643636,0.15537398638081523,-0.07549475414358076,-0.19000624051292664,-0.718682166302077,0.047849510982344245,0.623748434699823,0.037268012033753295,-1.233284793760868,0.23575317878318225,-0.36634369380467774,0.4775354279905051,-0.19280528550817225,-0.4816791337338494,-1.9196348712606897
2024-07-31,-0.5024802000975523,0.5348779188461212,-0.6313142237585379,-0.5128748865318462,0.05043476851262338,0.5841230694810859,-0.2221812957956512,0.10721994155747129,-0.7049080938595054,-0.22873106478486682,0.05711358987973414,-1.1898336996628094,0.30799696438046054,0.3982442949617504,0.12559266607631336,-0.04082476018040296,0.28808070927205487,0.1132541353609463,-0.24360882967533504,0.5905147527571426,1.4781569423061627,0.7362533479084181,0.2654093581420536,-0.21835839494749376,2.6133413876448293,0.02651814612844195,-2.014809746732224
2024-08-01,-0.09419692764875864,-0.03543473415626208,0.2052109568525262,-0.47944969100651813,0.6866834569668605,0.5783337487427286,-0.8587362906454713,0.05045928654244475,-1.0738172916186384,0.22724284111073056,0.6737330134686581,-0.4872489382863887,0.012579562026149849,-0.6433476925108152,0.6132375054033815,0.8646345730535765,0.5393703508022667,0.7932493497476579,-0.249367567376641,-0.6874770883193257,0.9812940600374599,-0.059412504476031636,1.299078689102514,-0.22099355600809056,-1.072849750125886,0.7735110452110394,0.0129389048073323
2024-08-02,0.7181991344339476,-1.3629167150625177,0.5079062151308736,0.6239029681718049,0.3678379730899291,-0.2823120668792428,-0.023202493031322435,0.5180716533992973,-0.8855480063537644,-0.039533168547339015,-0.4749020277222733,0.19465521322784643,-0.007712431440419998,0.030108927444744804,-0.19036018605395366,0.6473725804819557,-0.0009893943357530705,-0.38472828093027955,-0.03168986360774384,1.0660833168223356,-0.5853545605015313,0.4552475554729125,-0.4060673629488851,0.22649989908168933,-0.6148038140499619,0.1285379563351068,-2.199010160369368
2024-08-05,-0.5763394653954499,-0.7581630133146973,0.42468799630703036,-0.18665263204213478,-0.07382714325653375,-0.3004751299628107,-0.9386185832230938,1.0634226134487743,0.1360308985026393,0.19856500950549588,-0.02862739045567747,-0.30617541052036557,0.2051012744955547,0.6006484102901923,0.06152830421955324,-0.021296321967055776,-0.19309004684489922,0.27633987464452314,-0.8311072975649512,-0.6204317164476036,0.43845086165478975,0.9402674919580558,0.4499079279795002,-1.765542632440031,0.6390821072469255,-0.04513688041969208,-0.08808888937496827
2024-08-06,1.8958790141601407,-0.18397692386068054,0.010027382812194396,-0.32340448101120933,0.4538472456442316,-0.10411706099686992,0.11474520099403698,-0.8990888122640499,-0.4997616965532411,0.041688064688043494,-0.1926606057410285,0.6399908685398649,0.09231621497495324,-0.09283931291659187,-0.042863837987305614,0.48240983551665073,-0.3434322475794904,-0.5387322495445511,0.024341483244964074,0.13056903757015442,1.1532101204818261,-0.04637871971670504,-1.1936037050278496,0.20865241997062323,-0.24898102685983614,0.31402798340515226,-0.03849410684929476
2024-08-07,1.8197319780964336,1.6847657022971858,-1.0074141067390672,0.024501394775374108,-0.705362610696699,-0.14580705587022097,0.14528584037504277,-0.7813968396633871,0.5940493525056806,-0.2117445248948212,0.3286540448482247,1.1050963932435887,-0.12115563213601077,-0.4912937308061995,-0.04803646683393148,-0.43653801493364325,-0.1090368149738846,0.41425916146008407,-0.3577784438896723,-1.389237486802721,-0.2256593346533453,-0.19613511714283988,-0.42602326899355497,0.6995034855554574,-0.14343450392882745,-0.07076562597556976,0.16350955818629576
2024-08-08,-0.1665753571629059,0.42668571547950285,-0.07610163028218486,-0.610661639174232,0.016142986730980968,0.1280958105695925,-0.02628130653706605,-0.252451300676664,1.1060982940433994,0.054471623412959025,-0.5125987496369562,0.5104931630688079,0.08076052439848486,0.2978489265535801,-0.32942361327541103,0.08995134446768943,-0.01807686328961146,0.4825289962050343,0.4528710232126909,-0.32158223617702175,-0.7223219458900231,-0.6048976311031331,1.2361652175799922,-0.22462461782251486,-0.5891055316544225,-0.29197866871162326,-0.9527463337667266
2024-08-09,-2.290831890844983,0.3221062067045921,-0.3778114340309892,0.8414750505971591,0.26951627078014373,-0.3587632317552998,0.6228538194655144,1.1155445110378996,-0.4199794590554639,0.0029265958981021245,-0.33345856912653155,0.01047337517724839,0.004298048204383953,-0.35085378822716323,-0.5589254487394857,0.11888118412749185,-0.27612999789572146,0.2781701111168483,-0.21906710879648048,-0.08755483960423827,0.4067673924421671,-0.5814223912972621,1.4759655862704975,-0.9242060415847971,0.22267507870036243,0.09744213864997955,-1.5461512440656227
2024-08-12,1.1810943851963203,-1.7525576615421061,1.3002463256681145,0.8227737873495584,-0.31587584041470873,0.35253655898175296,-0.2803107762054605,-0.983267940053391,-0.5544064549144605,0.29820535243090585,-0.7668662006473217,0.5567080284114342,0.4761375936122769,-0.015216716480398018,0.18983975652131124,-0.03165086929893987,-0.5946452446140449,0.4211269690599371,-0.13999398327175494,0.6706625177692862,-0.3337243113391016,0.12118570989587907,-0.5300320940920832,0.0294257818113004,-0.4479857444680767,-0.13756449177070526,-0.914736435010016
2024-08-13,-1.0552815224063548,-0.47480123346739944,0.21365080543704396,-0.5044060407247231,0.8915634675123318,0.17480317601187226,0.43569310557669944,-0.5175960336958849,0.7158255591189815,-0.1655010977950273,1.209594068381023,-0.24148164074183398,-0.17804714744905836,-0.574373746672561,0.2975916245763919,0.10396863961973893,0.16331054201788836,0.2060089894669565,-0.24770639536917594,0.13339632006258462,1.1057327569422912,0.26920578760971925,-1.0140722428848112,0.2026044814805731,-0.180491360337955,0.03544290707306,0.09141833637690856
2024-08-14,1.0280022433071738,-0.5651636597492511,0.9329464071328223,-0.5465990552985085,0.3207671310949304,-0.14067727217462628,0.09022863397073069,-0.27822085572743427,-0.9569329550334076,0.19460932945070103,0.2939266238225802,0.6790125988944975,0.049472100277319964,-0.24182362443173555,0.2517333915031557,-0.18353821516129892,0.03688948383995298,-0.1953260386572908,0.12042696072306536,0.08786313283506472,0.4042776387474855,0.0017993229657172621,0.6622902208253866,-0.110030203447391,-1.0412265572143844,0.3204092268724832,-0.36623658682369875
2024-08-15,0.7199281530092019,-0.3776421652797157,0.18790315741241492,0.26055802371547226,0.07558263659394804,-5.055826317327588,0.10716358676145055,-1.22388418895276,-0.018904503237812065,0.07924469250510024,-0.11102863757348663,-0.05833058782811118,0.057108875296501216,0.13390136950814946,-0.36601748360963504,1.06894615334603,0.20907697235850115,-0.3819628719351782,1.0940550519302308,1.4960571726973702,0.4900666249212864,-0.08553697664346284,1.1370417904857966,1.0952286096031338,-0.3933230215814321,-2.9372010797908334,-1.8300408525353316
2024-08-16,0.9108514467358614,1.0218818750228247,-0.7137752462023523,0.23643806503938747,0.17861321982718742,-0.36374051257185347,-0.2720328767596565,-0.7996425451500594,0.34636386269303493,0.18107811418771003,-0.43371421024012835,-0.3635060851215549,0.12015646959494464,0.04880367526135221,-0.01460548512309523,-0.729507702137383,0.2955148258414879,0.8261920185475924,-0.14105315013928443,-0.08795312249300424,0.10322628070824764,0.20003486804690962,-0.3711912848685665,-0.8554821309334137,-0.48879472133168894,-0.34679634196335785,-0.9622331354026077
2024-08-19,-0.4326458968728823,0.22624951693165762,0.6285640091014122,0.8992145492840862,-0.2731610696113016,0.35964287951519036,-0.19093751232894463,0.5227553897372039,-0.15198106185052312,-0.5521347919478945,-0.21773124290953905,0.9831016434109787,-0.5522366939121679,-0.14064937599325367,-0.6500917781163109,-0.01924988996619839,-0.4091028359490744,-0.5282024622458755,0.12370785929397643,-0.2730235109746979,2.169831194179157,-0.1785221212656689,-0.13158699455332307,-0.6835294042357414,0.3666371839807573,-0.040362091750370255,-0.24834581161999392
2024-08-20,0.39313599329394644,0.24861126558325475,-0.4833190654726298,0.523228165111716,0.509228769010459,-0.3566028926191749,-0.9052417964758884,-0.044398950719547955,-1.3998926587668068,0.02800109891608077,-0.8730083953791381,-0.5092256168705434,0.08946862596889446,0.16225943576391888,0.2937281669762961,-0.07158902984481166,0.013559870224413517,-0.18901623199272272,-0.18217557668340956,-0.9897545541092301,1.6029753781451324,0.6293787896166438,0.28354350605097023,-0.9972044199291381,-0.05221964662339378,0.5877784955350802,-0.13045471604132342
2024-08-21,-0.25881675050174574,0.3386078007391235,0.02991614367529892,0.6075197962589984,-0.9741652751438885,-0.16111196531385283,-0.023705447442882943,0.25762339364365033,0.04966739472052267,-0.2357315382984514,0.5850439903943572,-0.1928110295194622,-0.6369948196089831,-0.4332609373295737,0.10331771455805791,0.07807975687601872,0.6427029674494703,-0.5839855819725515,-0.42780980320896383,0.10035510367663747,-0.545038343099634,-0.672637833587028,0.5536152518346329,0.6112637701311139,0.7681507243449764,0.7200876943763396,-0.08363562147283242
2024-08-22,-0.19198191479215487,-0.4544700923627325,-0.16876318209199404,0.024942817281485494,-0.2592898352943649,1.4717637109711508,0.2823321083225816,-1.0884136076109927,0.5367446931476811,0.7146764143624724,0.013461102291733203,-1.4223633180952102,0.5967229485594193,0.5373675615531037,0.3414670424707134,0.2903255405296976,0.14750643516542356,-0.38776590487738116,-0.10891558693873726,-0.4380259184161319,0.0642588516840632,-0.5394467795762852,0.22466000932109703,-0.40220960189340493,0.3819295292589457,0.6176510221853608,0.8778444532465317
2024-08-23,0.24977126689714602,1.03171783790005,-0.810290273163127,0.7793153270400319,-1.0996573514524277,0.19007816116813064,-0.28824865537488636,0.40198171896150414,0.9990579464681719,0.1090269269246219,-0.16789153284206526,-0.5041538130324409,0.11885176275709108,0.0850551847010298,-0.08244518243121368,-0.5273817440500332,-0.5947025031227471,0.20226726756330793,0.2766045817380516,-0.5115925060629674,0.883112648223296,-0.6296729170377616,-0.14803810928643668,-0.497421389653395,-0.07405598332550217,-0.4239241696691939,-0.7470603306890229
2024-08-27,0.8744156156713623,-0.9210688559728515,-0.839171360221426,-1.4685269905149343,0.9062781086032097,0.6362423370039989,0.8876005527718196,0.4420766693515761,2.456584761719648,0.3865026735486603,-0.02875158728987786,-1.1564351385669331,0.41581447131624183,-0.48514286561925946,-0.10221338238778141,0.32142084497261936,0.34367005378619303,-0.03590891124707185,-0.09479108911441891,0.3627289802529038,-0.32268730584767324,0.7989959694373695,0.11108817910904367,-0.5457414386447678,0.10947886108185943,0.9706942930495215,-0.12785217608475374
2024-08-28,0.4921978753888757,1.2505906672568168,-0.4291943999085137,-0.5291521246886326,0.5271180953606551,0.047077467979677295,-0.18826839707863607,-0.5466881425461959,0.3101117253397455,0.19454586404828927,-0.238929669004334,0.3708766711846376,0.13997230761494034,0.07128249364079015,-0.3911214531652192,-0.2605146819209892,0.2123925124576073,0.1304488949403998,-0.5332930621805194,-0.2704392589821152,-0.7777024263258228,0.6200935648018104,-0.13650779030638982,-0.5375112532302606,4.198630834481544,0.24298482550503045,0.28322596405482603
2024-08-29,-1.8521599359700323,1.1131578300800742,0.1119737862657173,0.7124743166988894,-0.6841142551038026,-0.00017518444900441188,0.3355275495574109,0.16569666630615698,0.6756911464878137,-0.10286905313251216,0.1402692734141704,2.3355521787823674,-0.08758255066022835,-0.042705582551519794,0.2686662168585915,-0.16920831227684202,0.03799866649791554,1.2452857746755308,0.3496856872790849,-0.5240630269078755,-1.3701028612691524,-0.45804067410406213,-0.34651883319169696,0.20045753966037516,-0.4416527841352651,-0.016806701294740104,0.4699579557486384
2024-08-30,-0.5682294370084793,-0.07965910286181849,0.6658669366163,-0.18844430083162894,0.4326412426367442,-0.22490072042309395,0.27562736999312887,0.3913131030167649,-1.3049024779383236,-0.0567274576838015,0.005348790152948979,-0.25775925737422406,-0.5731340362024409,-0.12780563718257032,-0.1387593989330509,0.4549440043729193,0.04017081244035925,-0.30609231246550994,-0.4161334273529753,0.4583579787204246,0.12946455265433937,-0.311118917784187,0.7160422214413467,0.17287527210732112,-0.5633417192168743,0.058429542535342105,0.21930678972453022
2024-09-03,-0.1205664976127741,-1.327605502938117,0.8396634865433472,1.1656702296563615,0.93732477225253,-0.04763362645110458,-2.5920261765328663,0.924345853285681,0.5174966850731471,-1.168481418011499,0.12688400135743483,0.8992170506439119,-0.06902976484679679,-2.4260832804673322,0.7011172923866049,-1.0257504784427278,-1.0940448424197182,0.482699042108227,-0.7227181644972624,-0.9441271726830003,-0.4565824061145616,-0.12233556191932715,-0.10331884635470745,-0.34135005581141464,-0.9937877557557768,-2.45567320025273,0.023266672388079904
2024-09-04,-0.2408629966771432,-1.0020568145690303,0.14978732390932947,-0.5293124200862692,1.2070720205640944,-0.33086020082022144,0.10320729448426608,0.41711441768900637,-0.7017757295120048,0.2886677407276269,-0.03184165861674515,-0.38723006912123425,0.2172112080477704,0.4380964785584997,-0.06979673728648239,-0.5765597283875379,-0.761702781589053,-0.004462472841543677,0.36722689408685477,0.30392178954770466,0.059216659098914104,-0.2685877670442589,-0.5842642165582019,0.11034367496299269,-0.8162973447908138,-1.327946389369323,0.03051112149691894
2024-09-05,0.03608257628871109,1.2505019375155835,-0.3155296995376485,-0.35020405372798247,-0.5684427903057974,-0.10370106855084288,-0.5682856292328524,-0.06378007376921704,-0.0011957432484356323,-0.14402204427164306,-0.08317476053799784,1.3917352907162455,-0.15538366762631142,-0.6018610923401323,0.10415079258009352,0.3737568461283264,-0.6956291243402121,-0.3280144575285263,0.040251013018735016,0.7889761919894855,-0.678732996949599,-0.5237773158678183,-1.193738339864998,0.5338403864838441,0.36896567539665703,1.1635871054730684,-0.8308263414335222
2024-09-06,-0.38610414400270665,-1.101523414639067,0.3053934483827423,-1.140641400163548,0.17560039561352325,-0.1436121321779612,-0.4939625651892898,-0.031879416630060886,0.07819309248434436,-0.03787631015263182,-0.14999042277517394,0.4279109680943952,0.04733618328233469,0.07051972008155383,-0.22473837903888993,0.10155776456992746,0.3132205974591649,-0.014274556703306573,-0.7863187348453942,0.14030575320634742,-0.22113910437247797,0.5122038383476528,0.6994922009683068,0.27116801814464864,-0.03002065533200582,0.17048202798561188,-1.7199272774219154
2024-09-09,1.1743671417082668,0.6891786783620149,-0.4235416768768672,-0.07683008167782346,-0.01542962696832445,-0.3648355257246421,0.7324408994513256,0.1644420037834281,-0.6158462404416526,-0.02017829617700817,-0.7317528287147945,-1.301132799193863,0.1315668849968955,0.2423317897692875,0.09267518406586472,-0.027601145785907895,-0.23840261615289446,-0.7871494025067247,-0.2474011375744195,0.26427621181794114,-0.5202659623464637,-0.6969889896473348,-0.42289306635824575,0.6115908466910598,-0.23077088837887932,-1.7711832728737607,-1.1697982230452233
2024-09-10,0.051353948137682626,-0.3651952415396622,-0.21852429033338672,0.9674079476850748,0.9052909040942572,0.15932095769281834,-0.04111820383860226,-0.9605635703320226,-0.6340066553273594,0.017781294786501034,0.3008944471167151,1.1662622311916517,-0.13004886191520848,0.2293377550701995,-0.14590700729102024,-0.5839658424747761,0.6434021353951099,0.17628203978260676,-0.018744514851549973,-0.05137764018660951,0.25836800359371825,0.06756939166110898,0.11159065399223667,0.059536164453135976,0.03275010863874268,1.4107816730663194,0.05830550496316268
2024-09-11,-0.10757341000619236,-1.145575262245494,0.12156870007966483,0.5464924818799575,0.04959217035281585,0.2386943761654724,-0.09103056486154731,-0.05028081318624633,0.3363075511597876,0.11602786371731277,-0.9759237768334237,0.274608018594267,0.1315162043105933,-0.07461509854691006,0.006868611210340547,-0.012088648861749915,-0.8092532231016019,-0.489642301166563,0.032842137020923534,-0.34894248037319187,0.18182390465394738,0.11657899538806615,0.41215209904899086,0.023839219430416003,0.049636793682316056,0.0022396764013151715,-0.29418962146305727
2024-09-12,-0.15086921214475524,0.028398188789934276,0.29768835665249427,-0.028714107219366403,-0.6575487095743502,-0.595008981878349,0.1898722517380244,0.11974009534689611,0.4235113655115763,0.2095631936440714,-0.5707725817775402,0.8507313420103938,0.29285333756530085,0.19812081501680756,0.04233122534436484,-0.29709427921110176,-0.46156999933233867,0.2797464868158548,0.8904647307880849,-0.48266255124281554,0.3308327559450184,-1.0065104300483183,0.7536016240067147,0.19732487391827735,-0.22609065226496633,0.17707410031839715,1.139950592276925
2024-09-13,1.288225058443164,-0.45394427575655316,0.4367345611076403,-0.7893507699387388,-0.27132775384927343,-0.07684540634476122,-0.19436670190726243,-0.621023115356303,-0.5969561065367409,-0.38097478512845345,1.1040638046528424,-0.348710049550943,-0.34618435659129315,0.018843715584748393,-0.8201626685990959,-0.07255082793322123,0.22290246917803652,-0.10948893591837239,0.4083260010771397,-0.12551113928751667,1.0936086574336072,-1.093578816096147,0.3126952659936184,0.2015246674593516,-0.17342886572148491,0.561764831233198,0.16134590958094908
2024-09-18,-0.3711812965555088,-0.4876323496050116,2.1317411357260196,-0.37000311076429976,-1.0665472646429595,1.0436978672421822,-0.17621992136697856,0.8919574131963417,4.755305395479031,0.036769130993933086,-0.15545290440148773,-0.51497538512513,0.08315127997011107,0.49375375980042,0.1644304959000722,0.156813393344663,0.8838618726537466,0.26276136763276725,-0.2322691993976077,0.5867243078452706,2.1309499580780287,0.5275111461221176,-0.364997376022516,-1.480805292902672,0.5112327307168393,-1.624568598433467,-0.41267951275372194
2024-09-19,-0.5382304690169,0.9085288346959417,-0.7937110551398925,1.08940688392061,-1.0980338192459982,-0.036679887159599855,0.45593059262618396,-0.056329403252149274,1.4825264257027586,-0.2057344958322762,-0.10347649903935774,0.6453568971755467,-0.2688101870238117,0.14250333356961487,-0.3605604031241508,0.029665392940992408,0.15365893219289817,-0.008822780621688175,0.5638964281291321,-0.34968156117258153,-0.9362156872932479,-0.5578855515016075,-0.18659340884449382,0.22769360586878684,0.13587076119484665,-0.15492315204601498,-0.11807775939964936
2024-09-20,-1.818808486040361,0.6410448670946156,-0.6776279201611702,0.5957954242639495,-0.1554214187068225,0.06704303590764699,1.0761093715233134,-0.08084195491316609,1.7205867445379501,0.004297582147070295,-0.021349675286289477,1.0947108781987775,0.10151632840015763,-0.31251554239296575,-0.016675114566447047,0.03277231579637345,0.1098604511263019,1.2756050492482922,0.270586511307344,0.23240285398631827,-1.5088153693288664,0.7269733644726902,-1.006081877198694,-0.5671519361865743,-0.03975594331985431,0.17529249003430503,-0.07945917244219468
2024-09-23,1.7742658056000864,-0.11367659163852128,0.44398050090528596,-0.7027986757820538,0.21475732888818722,-0.3908128761553716,0.1930215901223551,0.7173441944985661,-0.528754231408175,-0.06121505785090403,-0.08037599101982207,1.5197740123108385,-0.47870598014113297,-0.387917983241844,-0.02988579900736249,0.008100630845783318,-0.854652428426441,0.6856895025270087,-0.42988166933242966,0.08031464729160592,0.16307465687541453,-0.12449736247172216,0.3651525762760111,-0.8058107957984573,0.010929997438529244,-0.6876301594609124,-0.2654523744728534
2024-09-24,0.09501985861504392,1.3484665611013475,-0.5013125230073525,0.448549187505761,-0.8003864625940471,-0.3114191324737257,-0.38009009677398287,-0.22780831397840273,0.6463794028480645,-0.09215113993726731,-0.22549734295753043,-0.691302642618976,-0.0976301311327924,0.19285639690788725,-0.020478161118474447,-0.05364677483225051,-0.1510724318281656,-0.25934950399612966,0.9659336489446408,0.6963616958773251,0.44444253381116305,-0.7913810244164857,1.210426400646527,0.11225573779715248,-0.04650771116282631,0.38524863898181705,-0.14169183815979647
2024-09-25,-0.132097110850314,0.18060506963224532,-0.35072285544554255,0.527634782732598,0.09004282389058149,0.07759120362545216,-0.1255409680224122,0.008921175476105492,0.2719107963343036,-0.5049027222566291,0.5156251701792063,1.0066575854318585,-0.5157990690580055,-0.10670636223431801,0.008739384882765877,0.1780522818050505,0.5419076560000451,0.24015947958964573,-0.8304621280973933,0.03839540465230365,-0.4648028915099199,0.2419613979613647,-0.1806848878592695,0.2612012360840207,1.6566032026465842,1.8260045591587812,-0.07973104040288613
2024-09-26,0.6931898280473249,-1.8219888953839125,0.13428000973266574,-0.2364431097937196,0.17561876230364504,-0.5112931572523625,0.13190287194570915,-0.46909269081795646,-0.4220255563867177,-0.5904802969131032,-0.596146716720858,-0.5217533238694403,-0.473913969887205,-0.2667269511798538,0.04210798166199503,0.0849822328727369,-0.41464801051512074,-0.11147647401516425,-0.042167666561785055,1.647439820624021,1.420741689986031,-0.8156901038030079,1.1165469316643724,0.661668220457432,0.7941501434700614,-0.14515506255698418,0.9997730652753039
2024-09-27,-0.8360268475941659,-1.4494329055163389,0.4409859867643833,-0.40600245363981463,-0.1690364817429854,-0.4210609705908485,-0.4205308793544981,1.2616297607660223,-0.920580560005547,-0.0032247771858521512,-0.18288311915760055,2.429060336638568,-0.03846248996100096,-0.32244893895938176,-0.3330338709816195,-0.03971737385966438,0.57075100616408,-0.44189145538003594,0.21856166751653694,-0.03211892250763021,0.7874426187674322,0.19656688573689507,-0.39670318601674404,0.2105929890804369,-0.025128463125525025,1.3825999422811015,2.0151324025254387
2024-10-08,-3.2409542480005302,1.667280062751228,0.24982627987018174,-1.1596970665424613,2.169534870219449,1.0145425157563595,1.89146448495559,-3.285774871822706,-0.7742684751939987,2.03187191265417,1.786399355035496,-1.4765753353705893,1.879639996048549,1.2207309678419531,2.3564980546520258,2.146666760713976,2.4373158048866834,-0.17507678752943012,-1.3180685692864702,-1.561066901639867,-1.8978938328239714,2.51020934310203,0.47824217554525295,-2.4658922840441857,-1.382508703731071,2.6814228049125632,1.1482897218508923
2024-10-09,0.5527839000803486,0.027035189194977355,-0.11821487492414584,0.3364784202354512,0.27430358616975775,0.15629534381589197,0.14213272756519119,0.3326986271179669,-0.7903983318034085,0.10655568511074248,0.2647465168348568,-0.520115097846564,0.18215105121633537,0.2561729490000015,0.019910495958834817,-0.6442882527838913,-0.9950992697133101,-0.02585846982857032,0.6132559784998607,-0.0013097787473741462,-0.07013891807463402,-0.2525036786954924,-0.5151403304363067,0.422624066285969,-0.8791299960119847,-1.2839338467046446,0.1452943042371304
2024-10-10,0.49767699271470445,0.3980752480660703,-0.37770882042820775,-0.06741553380134857,0.10773761861737516,-0.07473973239263457,0.15807049249390853,-0.6183627026236459,-0.11950734111789935,0.11881047626802177,-1.0531601245021496,0.0023717354043031047,0.0035215515453890234,0.29656577173596954,0.03441909386522046,0.4680606828883439,-0.1232244083273929,-0.05564830307250013,0.20868749152770594,-0.7141610303980304,0.39235881279033835,-0.4383181006775254,0.4783183186688218,0.18166000030164065,0.037310601353880625,-0.578441113245133,-0.10077217663788483
2024-10-11,-0.5527367573069975,-0.3746797809153921,0.190985449549456,-0.4340468562583385,-0.056404873442528314,0.19095722052796166,-0.2031717399184349,-0.21023866213479248,0.1081045900102775,-0.3917079261119474,0.6659611910840043,-0.29170480641902846,-0.2761889238380862,-0.08252211489526597,-0.30279063824464714,-0.3809179556150537,-0.06864216707672507,0.40438263003809927,-0.2362449734017903,0.24406755958983917,0.40430129421997907,0.20076739817491895,0.6764155620923125,-0.040321174340499644,0.09656816117369077,0.013729423925736863,-1.627039132481255
2024-10-14,2.137418332445363,-0.9227336217103121,-0.40188366832656186,-0.2649584781123935,-0.7359203981867171,0.519098165310325,0.19597271828224597,0.16716101157117635,0.6857218571231669,0.31512940265799494,-0.12671024039919265,-0.8400266686496631,0.21527853942354003,0.09110526466387048,-0.18254851889554113,0.5961822808075021,0.3549389906664152,-0.19714300489262737,-0.2853026608796265,-0.2318924065129555,-0.6889029338727302,0.4904292744608377,-0.6158723597716926,1.1827755224624632,-0.5274829056594883,0.4447136365049231,-0.3662664312102095
2024-10-15,-0.6974091508032885,1.1017617640829787,-0.7241784121647394,0.1438389405071152,-0.37994275734143157,-3.3746887229357823,-0.2618876029005699,0.13226713151377717,1.1500169213478177,-0.2501755459952477,-0.9842172943530016,0.7116690881352631,-0.22006472100090257,-0.030051615786166774,-0.24987583922050716,-0.30489449351760056,0.2821009470347997,-0.08771636064204824,0.37779914727666153,-0.39954927631695347,0.4108218533706972,0.207124968809687,0.2021045258564101,-0.5344642433767317,-0.08297709619071175,-0.336518477938613,0.33263824437594725
2024-10-16,0.2719042818473222,-0.8875886315496087,0.7879191621821606,0.6395061661877154,0.7244918329964063,1.3242126341807996,0.3135980014662416,-0.4750490884753056,-1.7459042390135382,0.13346883825101777,-0.05361044063190079,-1.228157185032503,0.03714492155948593,0.18680657847945098,-0.051166135980637406,-0.03154822837150859,0.08734860403581823,-0.28255057969536795,-0.3049426892475617,0.3900564701828481,0.30286458626627155,-0.3700218214195018,0.18075104214263615,-0.19825831977344605,0.30491631107736983,-0.0783912877659407,-1.0261846873168228
2024-10-17,-0.5764450673449063,1.028934795794443,-0.3161747842676181,-0.410176306416585,0.009387612189389105,0.2445343153656687,0.046308224296356504,0.19982961827180545,0.22998748803009417,-0.18798747813605338,0.15050810544895848,-0.0320935201122074,-0.18406224645995084,-0.13909467202888415,0.04501905586096866,-0.1515090219748088,-0.8482999865974707,0.6298501142104902,-0.37787425830242233,-0.25976989562402697,-0.5380747403243553,-0.2452660548985518,0.509655597638556,0.26179298179313615,-0.1652850831058233,-1.0590951574147973,-1.0161968657728286
2024-10-18,0.3567675744424728,-0.7285430215386928,0.22472784922931044,0.270962706334259,-0.8371381639625319,0.195705962347004,0.538603964377191,-0.8214496254843555,0.08282918479148085,-0.3288906198416156,-0.5565463784335416,-0.7824399897562191,-0.2594228458922977,-0.3409252678085024,-0.3315229405098745,-0.008439080036133889,0.09294149010282243,-0.39692893641309257,1.2445948986057944,0.41635438918128564,1.2758271021046674,-0.7393508877928667,0.44767897374062215,0.04220927839368693,-0.19220876937176873,0.05581925407842728,-1.069095728662365
2024-10-21,-1.0518933349202326,0.36723679449746893,0.05742909257906226,0.8369536286506002,-0.43622584925096564,0.38399682599699325,-0.13316380907781528,0.2827940754759205,-0.8720095657776089,0.0015270930507418345,0.02789622588154478,0.6620115750390051,-0.029506564096302146,-0.34169171426135014,-0.07991572641730327,-0.10802301939463249,-0.43586205067008355,0.03582460503560897,1.0907180914711132,-0.28850228312437176,-0.3300456303300291,-0.32369450281797596,0.07670872952815916,-0.6713824773952815,-0.17609542851712395,0.6701530492364327,0.1396410420987637
2024-10-22,-0.7967746421925129,1.0444977049352853,0.3411919382975088,-0.7032331931243637,-0.2111466426115045,0.25308467140404245,0.3009980817434408,0.026956566416999284,-0.6698687854572418,-0.16264869099084756,0.2495946811549583,-0.19735726321218441,-0.2565676039586555,0.14441650627606906,-0.021664327072941747,-0.47759334517457946,-0.13304148417084904,-0.14212830569903567,0.5126261144798987,-0.6809768382204847,0.46340428820305135,-1.751322097942554,0.5342318861959523,0.3660686216201725,-0.15023355429436852,-1.227981180525775,-0.017144684448477485
2024-10-23,0.3693270893347784,-0.4377886525042342,0.21371231912089628,0.2941774429429497,-0.2461839630976967,0.26098385115222006,-0.3890246305018815,0.2969452819356261,1.1506448925618917,-0.3177210303686695,-0.16139584151122605,0.31597671472884303,-0.3306125312339592,-0.2698673540520006,-0.06238013705291806,0.2437790848846271,-0.00014844247323381188,-0.1543478310476809,-1.0022030797839077,-0.5147215709648144,1.1733983015338272,0.11089564244256547,0.7814910953817555,0.07201748130166952,0.17341274852389377,0.06415859227417907,-0.3023254468586414
2024-10-24,-1.270717871314958,1.1715444123381011,0.24223242498863023,-0.7577232732609988,0.1817768237871561,-0.8581155306286771,0.6702444801330917,-0.27699999133336317,-0.04205081985924247,-0.02313060575761633,0.11929407482948086,1.620071058266446,-0.05493401577347934,0.06301029766774027,-0.06570882462561073,0.08632868386295374,0.2593391127755522,0.7101196504029743,-0.08720885833317596,0.07769893252011673,-0.7437099730164386,-0.2836466989292757,0.014576658709025452,0.21429986363842107,-0.12157986556555916,-0.25804723903849525,-0.1407772123362987
2024-10-25,0.8012291252186821,0.05375563545012069,-0.17111564931781642,-0.5557142181450466,-0.6355567615147986,0.6880914926195518,0.25954583531454445,-0.015001117008400455,0.1475510345217649,0.2014381631945572,0.04140294877349704,0.290585795406271,0.13284782154880104,0.25372352985588265,0.014451332223873958,-0.36087652574157836,0.11415037791049944,0.2754644264927683,-0.05899788805178248,0.2546185589051595,0.7631415842639157,-0.29286115045857924,-1.5674644041691264,0.09412237718939731,-0.13452290987040688,0.698459484466523,0.21161426161265684
2024-10-28,0.8502961222868421,-1.4727831069971953,-0.3529715972475207,0.08410281913115056,-0.7315057527462482,0.5062221883006608,0.2325896846087307,-0.5882824885682675,-0.2944342025420905,-0.8072684456771628,-0.736165516849496,-2.2277144962805435,-0.5638880839594411,-0.6186942541897322,-0.4021319463692503,0.2168049238655126,0.8135440232772402,-0.24773826798050314,0.23775519370127057,0.38998163353765875,-0.4993795926392125,-0.0997409422834315,1.2157725689083971,0.6844269587985579,0.6479077318363691,0.6694863099443502,1.190529588816041
2024-10-29,-0.9299902281640078,0.017569629812350357,0.07364090606396856,0.09744981869490618,0.7952375574016406,0.9769998156030111,-0.2809570106602551,-0.8707083648743918,0.150171778548221,0.058699933559634015,-0.33716069552534744,0.5888138977042843,0.11345719571580172,-0.0021770509142013394,0.360119085832066,0.25453379812658605,-0.031115083809863713,0.19168358042370548,-0.03782777675638971,-0.21677280270185445,0.31035618002434917,-0.501823575686329,-0.5232219028354551,0.21222455158691467,-0.222069080643223,-0.2904387493230443,0.12180886720156982
2024-10-30,0.34282239974126116,1.0292266907170644,-0.5489309646669946,-0.6115134439291894,0.14001165143460667,0.3715683221057223,-0.4361189208336588,0.47230314253758543,0.6590991446914212,0.1408500769038219,0.9885423466484939,4.3482420937881905,0.11380405380257907,0.283248565742073,0.40795626674363095,-0.29915174289193663,-0.5317639264909289,2.077090242227465,0.1742744733285322,-0.1378353731420542,-1.1526199437125964,-0.2605575798588057,-0.5649432857190183,-1.0483668960107928,-0.6453573457485879,0.16098340440252273,-0.19846505369209932
2024-10-31,-0.6693833997196189,1.5277418935783784,-0.5651236621545559,-0.4344124818183148,-0.9240925532500518,-0.28941990692935277,1.7528364049410774,0.0464704916874516,0.9042254849904399,-0.11926066320249962,0.2848298998261666,-1.4270994460417072,-0.04206624055883579,-0.16905988235331304,0.11119028809970388,-0.3218265356595653,0.5888768840211679,-0.691074544953175,-1.017895890701619,0.157225327575684,0.21919289435308023,0.02101489582954086,-1.2375270526368558,-0.3145115930161173,1.2321213559436075,-0.1806210598627834,-0.16717058862709688
2024-11-01,-0.5364539834457579,1.4833035800112524,0.5563156851430523,0.5571601266681738,-0.09050197001196802,0.09906931394126914,-2.7848515651431667,-0.06979519084970881,-1.2157584618209518,0.044882699952941744,0.2646954801926602,-0.6716744871881974,0.1679769039266359,-0.46486745157912424,0.3651700347444102,-0.07099039444109059,0.02109847493332917,-0.26263972540608255,-0.38840284036263495,0.38341341586199085,-0.6057851119871686,0.4553460038194306,0.9131337942007335,-0.015514914796151191,-0.3124592697197406,-0.02889180781151851,0.08849076484179809
2024-11-04,0.5057236703421565,-1.3603076509259355,0.13286891571411097,-0.42274312768766475,0.3377867618224411,-0.5129359788850398,-0.5311181350432048,0.09317842835066753,-0.33466815947767947,0.13866591306626974,-0.010026818939289917,0.7394273415031447,0.08552869559131171,0.13924065810212627,0.02691255297312123,-0.2518093956448888,-0.0038516787481126247,0.31150975782318635,0.17948152493972336,0.7089811040403544,0.24810559651629344,-0.05053212404079244,-1.3549655512424774,-0.5494034536474813,-0.8560392285946409,0.11809821770385834,1.108970815962903
2024-11-05,0.4308550017790316,-1.017075233992768,0.19230322935404676,-0.3495286322526705,0.3376102694659967,-1.006854771186005,-0.43658029268276644,0.28069992057876275,-0.5237808900052742,-0.1198001730337791,0.38924136778264207,-0.9580880209511649,-0.1350625409649725,0.06639456796235949,-0.02655742482396778,-0.2894594937277544,0.34571718945656166,-0.23762792623568477,-0.11493862769443508,0.003970504428518318,0.5320352942635296,-0.20428205863213517,0.5829457904646478,0.43844157792943117,0.11552044505808662,0.6520596353449373,1.6302576191567053
2024-11-06,-0.048820091131526744,1.7284180939921727,0.5410857535383777,0.005060958769864066,-0.5956242408937228,0.4961532744333686,0.45060032770145103,-0.25798447164687666,0.5190502877781633,-0.02714952729050868,-0.03608459284921378,0.6649364499870114,0.08910994910071171,0.07401028316144423,-0.3776552227751466,-0.49680780189329876,-0.12029858834199048,-1.6623480455065565,-1.0866324387359683,-2.6251221544140573,-0.3903323369051772,0.8505148451349064,-1.7288805997881362,0.4648450946736229,0.35190333060141565,-0.057998884759387054,-0.05970601248705075
2024-11-07,1.2684272482297991,1.760059106464929,-0.486186450648604,0.4032817742025878,-0.96658092521659,-0.7312195926303517,-0.16357944676277794,0.5959054653884139,-0.18913847243372323,-0.041535987993401025,-1.0866907911463017,-0.7510656420609083,-0.05032322054010663,0.13506666812911988,-0.038079525581053375,0.31751957374638384,-0.4200013943128154,-0.10146649076111203,-0.4430071331276225,1.5187315300780808,1.0125411474406896,-0.0589585780255264,0.28524159046362696,-1.01695320514415,-0.003469070287734688,0.11571471736625763,-0.1915790184881656
2024-11-08,-0.8027020384350703,0.9507781154098689,0.3928623709822198,0.5175743880725356,-0.44775317389603525,-0.14056318206317336,-0.5390340407220195,0.28288711325405425,-0.4119193120226634,-0.06756637273694366,0.10825526378280759,-0.11826287684594122,-0.1428729840369105,-0.014577703266004716,-0.03474364903163796,0.3910450294180816,0.5572919044575488,0.36284800397094974,0.3261746829930451,-0.676119777872703,-1.004887269957469,0.548531317859519,-0.22246795587563595,-0.05094698294648148,-0.0365028107669561,-0.03619046910806564,0.7440685063175189
2024-11-11,0.9361135435715471,-0.24157554697737516,0.2803006599920644,-0.556803025476929,0.0311408466808053,0.44775387547010825,0.054241135010399386,0.13569776305517478,-0.6373627661690422,-0.28378512759373353,0.03794865775109957,2.125702272152078,-0.23228702296765058,-0.22157369228466206,0.03912526503459113,-0.15069501395882506,-0.31077780602691807,-1.6506623699882907,0.006135389851519291,-0.4494126268946854,-0.39829997635694636,-0.23084055105745727,0.7389450612662363,0.8571787563139284,-0.538983258978487,0.4102912132521066,-0.1837868734743564
2024-11-12,1.7019045457597757,-1.756919343690655,0.5033197765888566,-0.2361501750499081,-0.5857821343463592,0.5844420830729241,0.5191108054722702,0.24113809545520548,0.35076284941287944,0.3797747042277156,0.32714945725444217,0.13275316305822588,0.33669437447420314,0.302924753180262,0.5905163113558021,-0.00025032075131121816,0.10107231924936966,-0.005507074207305285,0.8472659038074946,-0.7121090138506352,0.05302391470527079,0.215614152040295,-0.14621286661814314,-0.6501544483771917,-0.10932610705272414,-0.10817713691993622,0.20239327405429197
2024-11-13,1.422625813271084,-1.3047690818317543,-0.0362983270386249,0.09419695958585157,-0.27080346874214223,-0.3826559344024089,-0.4918198080165052,0.22759325872664782,-0.44717888378045767,0.26411791363693565,0.5996631929992199,0.5927826475107133,0.1322085435523347,-0.06610865979554433,0.1363922643969256,-0.1804855397991507,0.14525149679277172,-0.1369519905641966,0.4657019781880442,-0.959017802532027,-0.9588538703465525,-0.5189104828675088,0.8013094257383306,0.234557601536534,-0.6058799994148797,0.0029175876998248883,1.9755175038016501
2024-11-14,1.3923552543956494,-0.4354870114219638,-0.2675601637316736,-0.2756301916734561,-0.13282981742087985,-0.5720330076065787,-0.5450802701311189,-0.5444514536643963,0.9471632870716374,0.27666019017607646,0.5004877603170075,-1.4863809895981357,0.21629639674999906,0.24597778378796864,-0.024649720259375646,0.04884577369308289,0.07649150852488437,-0.4563261494069517,-0.029332204300176162,0.20048230800438785,-0.21608128852561798,-0.11079381756499551,-0.7951858384336539,0.15903820315563433,0.6661195027114465,-0.4270077331127944,2.346519258763695
2024-11-15,0.0419605896097372,0.8253559659354615,0.20174210606178478,-1.535992130514155,0.2766627882998991,-0.5976031106230348,-0.14559955220492882,0.2750159816762039,-0.12639441731891995,-0.3017762120225912,0.16972535289562662,0.11126411974653017,-0.3073222887498923,0.008005726932135637,-0.17810699566851818,0.12687129285724263,0.13275623258311675,-0.19384930084432095,-0.43517229357388143,-0.7998985672260002,3.5189006167358343,-0.6717942857323996,0.1566080171981814,-0.07380736389596086,-0.10313692683804555,-0.8137431622824955,-0.175252143993613
2024-11-18,-0.613407180119588,-0.6199416708046795,-0.12918999488701555,-0.7366167263449157,0.5903166745693917,0.33642414877004184,0.5225529974946731,-0.05083139881505394,0.9775152139146113,-0.029630580225187053,-0.08499515181332307,1.34174392837656,-0.09863870433001898,0.2172680452757072,0.27726503193078744,-0.2718775066175479,0.2502469227065831,0.7328229465520169,0.3081506948441135,0.23679557845783095,-1.772028768378333,0.06976213510658447,-0.5663105393815865,0.6595544291655668,-0.22269240265156914,-0.18008218811386362,0.1949468955848248
2024-11-19,-0.16140429576501505,-0.6986788390762608,0.2378814993546589,0.17928191567087745,0.7113812485836852,-0.3037404908935095,0.8464069764358324,-0.3773216532344488,-0.46214657488912336,-0.06905493452451943,-0.020162521876664466,0.21530663698512098,0.04806391310554339,0.22698519956307672,-0.24303260027685722,-0.1276294990550925,0.5431839492791409,0.32048396123754075,-0.2870755596135003,-0.17046451272719687,0.8330400459089684,0.16290518064536053,-0.8047490551338439,-0.13560306438694125,-0.34286144262881385,0.4997215633439501,-0.1450009539272754
2024-11-20,2.2805295850829594,-2.1028202162832614,0.5944340496563516,1.2710437574541398,0.4865572379731118,0.16948836136392997,-0.369703925767663,-0.4768825885113951,-0.9204895248125954,0.05738868390288204,-0.1432654831426547,1.545720146251455,0.02260735713243489,0.3637531105115298,0.07289201502380677,0.14668175217281282,0.2328130851095942,0.9308336227147354,-0.3488767565456957,-0.07455025102590943,-0.290192260272219,-0.193933927209899,0.34905901579588716,-0.7007693640851719,-0.3320579561610993,0.7195125336700277,-0.3346956267502277
2024-11-21,0.8270123574853682,-1.153634677949189,0.3207008341106418,0.821043382957931,0.16167694864654647,0.43121389980524744,-0.15917710033318694,-0.20804065260682536,-0.2981115297095416,0.24968279905115687,0.1624326136500377,1.1782737907930239,0.1050736706782327,-0.25249504840698794,0.364456010673899,-0.14965617084884825,0.11901275945945944,0.7789349435224481,-0.25730272022571865,-0.5139932857917641,-0.31090664075708047,-0.4121529900479908,0.07844504236531825,0.11328877262312737,-0.14198979978825738,0.27388174918414826,0.22530431602931333
2024-11-22,0.7175938100661908,-0.781550804278172,-0.39929869449630684,1.796403193524616,-0.377712999673546,0.4751629214206391,0.499760400629647,0.24101366394576934,-0.33728711131611255,0.2762346999055147,0.1297549587727736,-1.4728296807861978,0.3138463294672347,-0.10066946411486243,-0.16915594551257612,-0.10376979768811759,0.4780691765305181,0.5655449309992473,-0.16856034422896438,-1.1151307558970267,-0.47929171288023514,0.4466784740661106,-0.7521493941383899,-0.49400703277822655,-0.12401648109223534,-0.5563570455113553,0.11894869361853912
2024-11-25,0.7732223113912764,-0.438039995596764,0.30809619793637344,1.4999066386316877,-0.21718112464557038,-0.15142063070397666,-0.2633306028576843,0.5362538542999697,-0.19083552386004166,-0.5280766708181273,-0.5312530922161929,1.6227061768893112,-0.40562133036463877,-0.44767246172644226,-0.15751655422476607,0.075251332386191,-0.4678538660616324,-2.3327438848070905,-0.6350431246511881,0.6206057075306272,1.0455909051671173,0.7455238413040691,1.2632199011436722,-0.6554197897501144,-0.08191946264600986,0.8178302610475493,-0.4043601944591968
2024-11-26,0.29672387214097884,1.7271685050639216,-1.0761389973189055,-0.03302153231389174,-0.11619302361238298,0.4357786275556262,0.08877277682570342,-0.5192092048953023,0.623952262455252,-0.37025579212440807,0.434356785463929,0.525018576031802,-0.31776066176657314,-0.371925393919797,-0.1518614563245431,-0.03572264486932937,0.12399054953695848,0.4499421649613451,0.5877465755301157,-0.8262593269181002,-1.0920184008267217,-0.45615732421991095,1.1028986463793673,-0.6555994385192536,0.11281780252730193,-0.16608320344647473,-1.2071126142777482
2024-11-27,2.1623337521959494,-2.011899897383692,0.3225357727304411,0.44010085003443455,-1.488838550314115,-0.0236423243997278,0.5345824682497854,1.2502000957115766,0.4507520693410094,0.3423818354743234,-0.6957970052378917,-1.4920893805419067,0.2864599444084716,-0.08653247072563325,-0.3627158510878927,0.006304677539797271,-0.2339133076055277,0.32818449622251145,-0.8603093516870657,0.25925075143800175,-0.5063279826063878,-0.30048186054012554,0.899574632404885,-0.1666645441213425,1.8378378347513815,-0.09220190002723602,-0.46695653192869413
2024-11-29,-0.7057580232268951,1.1008609311806439,0.8726672628524343,-0.18489972196078566,-0.4823531249911127,-0.17902586001439375,0.12800731841878948,-0.16308710390492628,-1.1282670985905918,0.24999235800259417,0.2889325684374303,1.0435133328471775,-0.20026090433415156,-0.21559305968074183,0.019682692284581388,0.22368940142264346,-0.6625313348620236,-0.2587768404956532,0.17543158491137945,-0.22386174897286557,-0.04676375893837023,-0.4075753164687726,-0.6143078372510136,0.6100154495102752,-0.47298571227243913,0.14389139959485336,0.09790595923400237
2024-12-02,-2.8563272365932533,0.0016331997403302712,0.5071705065635215,-0.2867138446330474,0.5097433345541968,0.7167254979809969,-0.06351617576014301,0.1458018202212807,0.20262978362065714,0.04091850094471694,-0.0477687761452128,-0.9089953861558535,0.5800229717960286,-0.07553454539338722,0.30974599886113563,-1.841686704127073,0.6575195739290789,-0.35295389507096886,0.2988514866695882,0.8338471829995511,0.48114458401798194,0.1875602357909677,-0.03241883083156705,0.5395238146373263,0.09187575931284736,0.09300975904396847,0.004367842570307992
2024-12-03,-0.5371664775897849,0.575012197843776,-0.3467635549583367,-0.25770948963177653,-0.13617506854449124,0.05247554954759582,0.2718420552193066,0.1788807400040473,0.3343328718866375,-0.011738209379403286,-0.2793701325083483,-1.3797009928576698,-0.030832952422774174,-0.017410286322712243,-0.23224647170989288,-0.241170977387541,-0.48343015746211465,-0.37468092178109985,0.3218160790700726,0.39006642174007466,-0.0835026949947556,0.31810533069055746,-0.38973745990764824,-0.32462320599379957,-0.8351305697134371,0.161708465569546,-0.6047631608440271
2024-12-04,1.1378409712780266,-0.823693385035875,-0.06728280101146597,0.02038308957122341,0.34925789235287796,-0.27398606334831627,-0.04524588381164307,-0.4349356329080971,-0.31036722985940673,0.1792845951131633,0.007528874456092405,0.2688559861134009,0.13665801525277077,0.31603167642068286,-0.04187918461244944,-0.24059140330998252,-0.10527668729925677,-0.11075370856962918,0.3748751103620327,-0.06728398180792895,0.9212201013696634,0.21289844876541097,-0.19361296166404368,-0.6564977418212838,-0.2724351779347157,0.41917292232014525,-0.03340982389786527
2024-12-05,1.093937491174744,0.8104410245055496,-0.267395907452184,-0.32220740085597305,0.017731372931986122,-0.22418262191710553,-0.6366235572697498,-0.059381959126697526,-0.43666078762827065,0.0017597333929027376,-0.32826570734460875,0.18407801494553877,-0.00919639051708604,0.08047254509111315,-0.09919970538047804,-0.020066937772790727,-0.19328364275160848,-0.41374411819386236,-0.010236181564288849,0.15282954567284823,-0.11369472335908737,-0.1956059833494877,0.5667026270474951,-0.10358516269304385,0.2598797836615945,0.0776659061093721,-0.7445335149383407
2024-12-06,1.9970217105285175,0.6889241122416421,-0.19634315381305445,-0.8705484299689938,-0.6363939423806501,0.35600785300290444,0.17048075858584744,-0.588276989319729,1.0935301912672364,0.08449415362462664,-0.1777509520449564,0.24786211128446262,0.04217131422698561,0.10199856154274578,0.1885257993651619,0.13175631141280947,-1.6256172078131788,0.3895358219397251,-0.032892131225031346,0.3276029110154371,-1.0059361239313145,0.3840571674626242,-0.7100185976520819,-0.3799762076390465,0.06822684163782905,-0.15000863029762176,-0.6286372957746428
2024-12-09,-0.17067849960175627,-0.43713361064044387,0.5722622880415422,-1.4396708649302146,0.547077861713196,0.027350472119964303,0.19136054060189317,-0.2988861005742111,-0.8100582542351117,-0.3022594666530445,0.20594049278437243,0.9026808953860446,-0.258301658292729,0.10796154820682224,0.08863052205797528,-0.040648113676128084,0.28633665048587803,0.07724400813775456,0.8081050742036011,0.718645393657245,-1.1779432908283884,-0.6408452085966246,0.5578211854430661,0.19543195087794007,-1.2776518190381827,-0.10874269635946246,-0.47551695178441455
2024-12-10,0.2241443747375958,-0.397269076854965,0.39576903339741243,-0.5397616773306853,0.20277249261478048,0.017777293245733284,0.8261843490253112,-0.05075540600743805,-1.3302085026689587,-0.02103772427188894,0.26532902802022096,-0.043654923128448375,0.02100899791672904,0.04523974441204623,0.010033454817159233,-0.09044854857779284,0.10906817955529222,0.8078945427902857,-0.199316325451329,-0.159652744222352,0.44923612474248154,-0.8594309534032397,0.02503658743118177,-0.6499628911642177,-0.06721771751906563,-0.18176503135963348,-0.0040743935402600545
2024-12-11,-1.8377424105639526,-0.5684986493851737,-0.18285990418614773,0.3994304525797966,0.3124407593285573,0.2076936571761051,0.8712266612745618,0.11044417839837356,0.6520670623983948,-0.012428041689089953,0.1674872941411878,1.53157062316134,0.10420137635993043,-0.16143448715122388,-0.019697379489116318,-0.08925105369848065,0.049991381746971264,1.2556570238822742,0.15897216418003657,-0.533339757704502,-0.5146821327978109,0.1300185793585602,-0.5530643560649562,-0.15752603359995196,0.11496172843689709,-0.02656780398591427,-0.0901669084575145
2024-12-12,0.49164094954743365,0.5312266256351851,-0.4887786587016374,0.1791904591318968,0.055645994567830925,-0.1238880076843786,-0.07792531087106999,0.3244446617078676,-0.5690394158445725,-0.06685399770709524,0.08714089445117375,0.17947293004953202,-0.01416221742320073,0.12224118068916909,0.2462583275858721,-0.4208911313429577,1.080821699721044,-0.49697050913068197,-1.1495774399476435,0.07022242637362036,0.1654895293054862,1.067716795985995,-0.6259496675530513,0.4363895796415035,-0.07017372475014733,0.46060832188324063,-0.15092344279551195
2024-12-13,0.0647569103583138,-0.01419869125632267,0.09651227343999308,-0.5098834455242255,-0.3609175450521863,0.20092015885080183,0.5536576139424165,-0.1563774669997945,-0.3611344547066241,0.32174901929752486,0.342793445720617,-1.3450252697271778,0.3776550581171735,-0.03882481576545921,0.3503978679389125,-0.6101785226569936,0.018446902108044616,-0.320496723760465,-0.21047520444766388,-0.31970845901936207,0.4862583198305682,-0.3722539000691427,0.6947398766804878,-0.2388237625851326,0.17625353986952613,-0.11026123710556669,-0.06355483527445481
2024-12-16,0.7825588339721803,-1.1349260371395076,1.1137728825484672,-0.23548459402868563,0.9791721825802833,-0.026479800067982007,-0.4973369426155212,-1.0868477802938583,-0.5176774672446706,0.0013473298156629343,0.10496993753164563,-0.28017179107198953,0.09667447977464327,-0.02808267675475229,0.24959803628791774,-0.42639707173867303,2.1172114092692653,-0.25852622280799065,-0.14697674523621213,0.21288864590402823,-0.9742870199458662,-0.1671410953615141,-0.3601480020556064,1.1759387653077298,-0.09453650062348534,-0.5337953991363048,0.24387733195758177
2024-12-17,0.07466642842594512,-0.8797984417273301,0.7682568163817656,0.23765103759134315,0.3720115144447619,0.0646571255206343,0.3419442307563495,0.520304420757148,-1.3555241134207079,0.24622913926151657,-0.20689481381147812,0.7129341153590292,0.23893705017776518,-0.0835192962728617,-0.05446160039730963,-0.07765823313941217,0.3340804073250523,-0.12485846833908426,0.15510882876058912,-0.36989154571085814,0.1609014048919173,0.016322350332932778,0.3431620788752835,0.44741627451061755,-0.14229290430810143,0.32083795423174616,0.0866061479303868
2024-12-18,1.4649970797288374,-0.9843044181856782,0.23007113020126702,-0.13754385794881752,0.6714922791297304,0.3924252069190118,-0.2506590185662542,-0.8856518664903641,0.0448809968548754,-0.035555710749746006,0.9228680973309027,0.39092180887844774,0.10128492809192677,-0.17310267407962737,0.37107923885437466,-0.36465775931838046,-0.13828821767244837,-0.004044272228190593,0.002874464965885115,0.33326483867741835,-0.24078281616434377,0.19531254785605767,-0.6779391654181748,-0.2942443687901949,0.2597885773808074,-0.24157850447752532,0.1689931855056317
2024-12-19,-0.9384761840708609,0.8551696896802791,0.4057870305887289,0.17573189489920515,-0.4311213799863516,-0.06766082590633091,-0.24430978301359368,0.8528879690186496,-0.2704278650737596,0.08421814441308056,-0.27117053375202993,1.3013551693116419,0.08295691304029368,-0.01297270845392462,0.03293867581283194,-0.31814422268181686,0.38821696098507946,-0.46623829529294025,-1.0271682591449398,-0.48612511754680576,0.10845542717431633,-0.456390455187784,0.1776205589492602,0.586410321487013,-0.05362201164592109,-0.19327665282841083,-0.6762822023812106
2024-12-20,-0.24367851129634696,-1.2243238390168338,0.3612474302818154,-0.22078433643574058,-0.12091094925001822,0.6862062550576287,0.2475885587242046,0.3699250470815013,0.09892612090778069,0.09765171411772983,-0.25757410890865523,1.009962385393818,-0.14010924459758986,0.502887492859199,0.031187796424212336,0.12498862384384835,0.015848512331238962,0.42334884295467456,0.00018177088667714614,-0.5836733858402501,0.15862637715478545,-0.10702989386389761,-0.571306574851267,-0.18376989688576562,-0.13945006077553918,0.06608255195498847,-0.10835913266205476
2024-12-23,0.020276065929005715,0.890823780639566,-0.28914445806005695,0.9936141800218201,0.04785964743014803,-0.5707884773554476,-0.12809288941068964,-0.7730967449944854,-0.27868036236983634,-0.11580899254909477,-0.3221955196268223,-0.4656967547711285,-0.0596120456350447,0.028979730242696795,-0.03839807228455584,-0.17304563511497087,0.6334317362166874,-0.8584290216723534,0.20232883935801343,-0.33591820800509936,-0.20622136122539247,-0.20145756567962705,0.27051438054042404,0.6204033860791768,0.2546449659996092,-0.2689749570718447,0.09159375284648254
2024-12-24,-0.031639831878167296,-0.7371103584497682,0.29512667147005833,-0.8079531186745708,-0.4159052825053381,-0.26245554489145206,-0.30077573661891177,0.40432904068236486,-0.06698416121113036,0.12561265102467212,-0.10071940712839689,1.6933534861233541,0.058290904348814454,0.0845427781226401,-0.41322091359868196,-0.06060694331312362,0.4294317187823432,-0.05433087557925148,-0.23554752086471367,-0.4210933680688173,0.5484109333061933,-0.2167594635786091,0.5219748293738775,0.16173776049572497,-0.2081590065620796,0.33515976455380336,-0.18078953470253634
2024-12-27,-0.8279397468872612,-0.6590058050013772,0.23202586413254522,0.13374978903456913,0.4631656089242824,0.05580054629157827,1.1972688971037408,0.05979715400909813,-0.6502840173150963,0.13822080227011263,0.3164344789727689,-2.8383303507487665,0.04021417710495806,-0.22466254570905692,0.24836498871006146,-0.06313418770218078,0.006643373991432222,0.4113761452433623,-0.03879208965819125,0.9003773731959215,0.22052630878582985,0.14435127549326743,0.2134079446696771,-1.9373739269209218,3.6172173189457237,-0.5775612501236975,0.10454536531901672
2024-12-30,-0.07228352022760307,0.1949758923423216,-0.10259207458388422,-0.33056675207378217,0.4071043057645739,-1.1927542210617088,0.16429479084007778,0.13885118809202088,-0.31848395684759734,-0.3533030660799942,0.3483797480128885,2.4614494466353594,-0.25079522536206744,-0.0532883484520682,0.5249624691540661,-0.8805171124394573,0.02104845840822009,0.7236747854237824,0.17390779186351563,0.5374395791717536,-0.1660852787177752,0.20396404361145912,-0.2556180186525029,-0.6186333423644461,-0.38363627252362464,0.27267405041317433,-0.14267070288920092
2024-12-31,-0.3181036630095595,-0.17397402903475834,0.15524189529737675,-0.12867626695570375,-0.43038932279805436,0.025601394010072165,-0.0160522712482654,0.7480169181715159,-0.04889129852803176,-0.0674488064514478,0.08704691794836769,-1.7453696664116163,0.12115698824424287,0.17537452675567428,0.16042511094735756,0.1866947921104749,0.7820715799966494,1.0685729460927553,-0.1538159170105743,-0.661455851167654,0.405908501677888,0.26828230644107365,-0.47717927182696573,-0.26719121177564975,-1.1477170990212917,-0.38765569606202144,0.10727053438163116
2025-01-02,0.8139238754228938,-0.3039592421996217,-0.06930884576373572,-0.024694710395812863,-0.9709161507657721,0.29793373491471575,0.11957152796035835,-0.045702897059087685,1.0040202694265832,-0.12164561194060619,0.2387414203488376,0.4429759378927953,-0.08680724351469005,0.21977460507921098,-0.17544316372371993,-0.40236827868042196,0.8197783620347059,0.30652772887530344,0.44328108152463574,-0.19184138971689008,-0.8432462941337232,-0.6986913711314929,-1.1453362529128566,0.21625986336362135,-0.3446583249187343,-0.30704653860093684,0.42031035874820066
2025-01-03,-0.6123282437208339,0.36428877476275484,0.12079304840213578,-0.34016682622712513,-0.1129580516288271,0.35670716002086955,0.4520575842581477,-0.14546567481690698,0.27879808930935024,0.30775237543724476,-0.4224079994446016,-1.966480804114402,0.38234875921315364,-0.05161198014817636,-0.12477978979680482,-0.40980613396226107,-0.2583109676379881,-1.0274364121644304,-0.024708304298850403,1.0337127541863302,-0.9708021819825408,0.3760086563786941,-0.7229190336009084,1.2939274832621366,-0.14860029762055565,-0.5743413738430008,-0.29304746972170104
2025-01-06,-0.4136944033238828,-0.15769747666386202,0.08958943191897129,0.5045383584103487,0.7600982537422256,-0.8184843857978085,0.27965717834522397,-0.09657660912995136,-0.9478861369995047,-0.11594898156555818,0.1104763328144027,1.9857710292990047,-0.23810890864024348,-0.19143811661401894,0.08519992545893232,-1.2785557237817957,-1.3247201720108754,-0.5545145749784768,0.6211587354754456,0.9286459755983099,-0.5856935594314283,-0.47810088221959224,-0.22231512214110893,-0.6587900208916899,0.6655307831338588,0.0729114521170771,-0.2997202470447986
2025-01-07,-0.10230804548413147,1.14199199141329,-0.3011706866415816,-0.4165937461420947,-0.09157261292921551,-0.15177207530082143,0.12989422533662576,-0.3755355201372414,0.01790297215603215,0.26778435129299283,-0.3292896212311224,-1.49360657105415,0.18294098420832133,-0.14363197106565223,0.10430385992240643,-0.496633469353266,-0.7007527683484747,-0.4007762078731868,-0.9298157895747665,-0.10293395337247535,0.38214789459806875,0.12431493901827217,-1.1191917879841045,1.0397794995048715,-0.7461649862188547,-0.6608690790321036,0.10050856624579742
2025-01-08,-0.4099128124695651,0.8353327498565515,-0.08391165891626873,-0.01371339096572921,0.07391447477074664,0.013114281563356894,-0.6965889791593938,-0.041298921372026676,-0.00404824945862492,0.08292948056515315,-0.09171595911861563,1.1687882499864841,0.04949626958568942,0.22491923032164474,0.28360162729200006,-0.2468315725318263,-0.05033064098466804,0.1492619856423093,0.016555945296567513,0.9526953574333716,-0.5644973122979778,-0.06332263153216197,-1.017057990193536,0.38989254220269964,-0.7430511634840543,0.05491090742749938,-0.07471687044167206
2025-01-09,-0.18285965133138948,1.0952887142788257,-0.18083031616181983,-0.31530157587742913,-0.3386389215662534,0.6127051020472281,1.1801865256231032,-0.23705174391675538,-0.7711862385595931,-0.2151725956776646,0.3246824758221485,0.09891360797923254,-0.3447540297865017,-0.19245970605123752,-0.12014704405137122,-0.6987449825909694,-0.16572260856040605,0.24874129820917446,0.039380206509614823,-0.198077743252415,0.6343462657691858,-0.7901890277422781,-0.44608715093496465,-0.6216670146811225,0.03394564370248627,0.5885706314213339,-0.3735815181877582
2025-01-10,0.15247433621940565,2.7305416060005445,0.5638377092002271,-1.8576144273677824,-0.9190999103020481,0.030258774166910418,0.29761569312008807,0.1826156153468761,-0.15415635755274887,0.4383399669097403,-0.750446074686018,1.5062873691311758,0.32493118148109246,0.14359207313810907,1.1333658786608956,-1.0104412901755944,0.2032048543679339,0.6815803475066323,0.08596556788497989,-0.8254679093013206,0.5602058184656213,-0.16930967775040412,-0.061467858640516015,0.25354519181336965,0.043243603777974454,0.2679734246018143,-0.11211480642819092
2025-01-13,0.08141551568887673,-0.14555212435446296,-0.00292399228950746,0.19516467914440805,0.24740625137588912,0.10818130190644448,-0.7164120689239262,1.1093152005769633,-1.1195049829300396,-0.2678896934782644,1.683332742010661,-0.7384916483024426,0.14398329034164914,-0.23664768276853548,-0.39165972658758186,0.1569746589135798,0.49334053534416233,-0.37792823404904663,-0.9534144355461869,0.3851086521006891,0.13621580120455384,0.6280454128821576,-0.18732015556329804,-0.5432907079987184,0.16759357775284572,0.24745394560808967,-0.22111201728844332
2025-01-14,-0.42409678784149163,0.4737403083541611,0.023809211308945755,-0.033338865001362405,0.362055146392418,-0.12452859759977511,-0.240885131767116,0.28167470587975935,-1.2973796694518356,-0.13864517805738796,-0.21407715730207655,-0.04787774758089153,-0.2719034029374192,0.3154775741938498,0.22385070055348996,0.3798667554744171,-0.0519916251369453,0.5282396488125929,0.540104097224811,0.17846058197908926,-0.09280490912060814,0.17140250141143526,0.2336853095915603,-1.2127986505081116,0.27662817364125414,0.25347821757988065,0.7778277564107186
2025-01-15,0.8412536916173949,0.1223396439715384,0.23165904260409065,-0.2879748166345681,-0.5466334191580231,-0.26209195371834104,0.31675656645378364,-0.45069485845426577,-1.1401391792509643,-0.17223509857929642,0.005748247465375056,0.5642981567175888,-0.03539320733441231,-0.10208238065271014,0.2328135345934057,-0.6060676044066025,-0.322456671669919,0.5883946889751781,1.2438956912479715,-0.18078346534311773,0.646786352942091,-0.9686352721389652,-0.6668263294507064,-1.276948094672529,-0.7285913846110044,-0.045655487862287666,0.5839445102249184
2025-01-16,-0.20175783615228432,-0.9727513346665153,0.4749778939606092,-0.654183584816343,0.02312180400652053,-0.2065335439832499,-0.7331919430945432,-0.6737892470262608,1.3036867235344582,-0.11333625610605785,-0.15274476360499767,1.2762629555608571,-0.2856275458533364,-0.3819748929823562,0.30838150159529126,0.16553836470788696,0.2875793047426912,0.7143260981645705,-0.19365204795388313,0.5119825344725095,0.6747255555761351,0.06232273315755943,-0.16174898560284365,-0.2615879779429463,-0.2727129223605552,1.0090658057834112,0.09821959887481048
2025-01-17,-0.19334300858181586,0.5045791047843178,0.5395570050862768,0.5059938559642894,-0.6315140437156322,-0.5506024925924415,-0.06742454645311868,0.4360684338466305,-0.9828216877685186,-0.08425526893116006,0.028202667322918984,-1.7942281943335894,-0.22950718463025993,-0.05139851347513252,0.2015742500227906,0.9834721193851117,-0.5832734288799348,-0.21852342281947829,-1.1765986571465872,-1.257390561688194,1.285673231962601,0.2992714512152539,1.248183304362737,0.9377564727475725,-0.0031563785534988315,0.1384237729005352,-0.11671141977572129
2025-01-21,-0.30521625836380806,-0.22943418429537044,-0.30562116177566645,-0.04470237059595759,1.531278914519147,-0.014718925367233175,0.08982564247700799,1.4956604113692604,-1.5433902803114536,-0.08659593863911985,-0.3320123600916789,-1.0002919190219715,-0.2681265136083657,0.13076962563139605,-0.37871787254124056,0.3456837414267899,-0.20302081102630642,0.0746306832661564,0.30268071964416143,-0.2469340118633907,-1.0263918710076934,0.03578810042279118,-0.343492989525799,0.34428277682659114,-0.19047989395536186,-0.11323052587651837,0.46959612248118043
2025-01-22,1.9285892740126445,-1.3759846130929254,-0.3041596553560747,-0.19460772818208322,0.2389971303464167,0.1882841178874738,1.1892235364824815,-0.3277555367522861,1.1185934443993335,0.6249215700167596,-0.004836865797066214,1.5897810964068628,0.49507984461878474,0.1435837249076115,-0.4192416598086679,-0.19160043788043007,-0.17020573309308915,0.528938575004181,0.07229938583982609,-0.36587001080881143,-0.17298119239846876,-0.7287816033230029,-0.2120406023078522,0.3076205366062177,-0.16597714599388752,-0.2640200707002427,-0.6381302947173756
2025-01-23,0.0024964104626046812,0.469903051867257,-0.07204363145775661,0.1370667408469391,-1.0338259950378075,0.10803854511374394,0.2814666724265523,0.013564493770756525,1.1403769684023484,-0.11290176924502243,-0.39664507631673274,-0.0778431852197552,-0.1639143066633446,0.3299286746337841,0.021864846724309384,-0.0283535341256949,-0.460199587303977,0.2702772039691326,-0.5313413860294369,0.7029468806833972,0.10419950302827963,0.03166659965208743,-1.0615277464868766,0.4339701294288977,0.12703807408545326,0.12608691593205443,-0.20932677830719637
2025-01-24,0.4055292388913873,0.3578707795719397,-0.006429007136456166,0.03214398785090544,-0.6817676236269732,0.04276525261766226,1.2716586287115526,-0.3646541671360487,0.8108628963023489,-0.13299141590717117,0.05622794252889507,0.5304676445114748,-0.20159278159083516,-0.4918914019405287,0.5187980099349608,-0.0813356215571748,-0.04238230029076235,0.2712514069434322,0.32876510187473573,-0.589891343859058,0.0949719238415363,-0.328274813146112,-0.9304555025898144,-0.30561042777004327,-0.009227131599596032,0.11554963133897297,-0.05964758689665482
2025-02-05,5.4840382151016565,-0.30934011030643566,0.1945227324929495,-1.5235151004814786,2.0903270557915183,2.1746601353278328,-0.29598113255632025,-0.347218338886478,1.3215701892096663,-1.574874002526567,-0.9901367765804561,-3.955381689982377,-1.2773528003292447,0.48554264708298134,-1.8345274552635895,-1.7235650052096163,-0.13629626023573027,2.1214401455572927,1.7600764899607655,1.7611311614207417,-0.803627121129566,-0.5352634810698937,-1.4179888390032975,2.9672254096541755,3.8279525322134647,-0.7465439123922635,0.3082652196738751
2025-02-06,0.390555825081342,0.024925151727241357,-0.26328434694798963,-0.2062597082789972,0.855941191078291,-0.1611312995577805,-1.3029180521230552,-0.29435633601071154,-0.7748014327188225,-0.2189864389667882,-0.1659879635109361,0.2616489893935798,-0.2718536140198661,0.3689217296626092,0.1631715464007966,-0.854902522531061,-0.15728302999278682,-0.24526268015930874,-0.2989857472587881,0.1791515800678909,-0.0034459368712109334,0.6363497588985063,0.7110209278855926,0.01739747023786964,-0.09203935644642608,0.30129983258817283,-0.8055029280035918
2025-02-07,0.05912231512999291,0.9441322533117411,-0.31634629744037435,-0.4556702221370004,0.2478224198434204,0.26462968242423013,-0.09909006235378251,-0.31914388433682117,-0.5835558873890563,-0.29539669923526946,-0.007173551434215719,-0.8150124840196646,-0.2621721447527243,0.043296448392610376,0.07668850329171928,-0.7274150229606674,0.7115721999741993,0.18455587365113746,-0.6001842115854248,1.4417722231562888,-0.2938656778712882,-0.5568585498925506,-0.14503665216579809,-0.4950413662751902,1.0525804775120777,0.7677505151134488,-0.054692030652996756
2025-02-10,2.1459212963566667,-0.7671387706358803,0.2756190659820643,0.32651739557814674,-0.8121805186464919,0.004176482255005054,0.2289377263103919,-0.3729851316003077,-0.004320102665803183,0.10806435733696451,0.162070319098641,0.8970128463538201,0.15413559402084265,-0.3196511261292519,-0.1199822953065115,-0.6872090567053125,-0.347492053260492,0.8165659611424907,-0.8917995403413077,0.6897414310835446,0.02206965057105592,-1.5277390263953388,-0.8536295264205619,-0.37801227200291065,0.15229028092529334,0.1872664933895604,-0.05177745293044732
2025-02-11,-1.365374841608813,0.6363160709837012,-0.6547344716490319,0.8625725015431613,-0.08866427453358688,0.6660303866595243,-0.7147215882791397,-0.10790506009348777,1.123454608775878,-0.21200704675789916,0.27913442557045465,0.5047053690029557,-0.2757788165538259,-0.011907738228320364,0.28923593836543415,-0.5842534066788885,0.07849582687782912,0.3278912651961249,0.02067646248595273,-1.2798878098106896,-0.2522970179599786,0.43065561573327166,-0.26016228709491773,0.5076085569228215,-0.02039355063288481,-0.5226216096649515,0.24615318630671812
2025-02-12,1.6504369191414285,-0.7168544113369368,0.6631944265301434,-0.06983977754565843,-0.17366833108753596,0.11732918241655144,-0.30805982809432764,-1.2844097681995443,-0.3665743065488848,-0.23938514082770168,0.4439193373108234,0.31643493692263575,-0.23213503082148168,-0.26744186918445567,-0.30669894429157885,0.03390244342642813,-0.17091644543759976,-0.6049961712038825,0.30681184841484455,1.169051281367762,-0.8295050122986307,-0.7524142147954958,0.525395074405847,0.29509938155371473,0.34067362925481004,0.1781790529768319,-0.1431354999091594
2025-02-13,0.38990172076760277,0.3925563882405433,-0.2871527530911825,-0.7475203149040818,-0.052993168353002607,-0.1615480283245088,0.023644297009253357,-0.45833349652809646,0.7227395300360173,0.18505852600132916,-1.1805444404208194,0.523595519578655,0.17502396529667008,0.5729765167750065,0.20898581486634663,-0.003916562400180554,-0.5352856509745787,0.5388903933033785,-0.18743992793532183,1.0376888147377383,-0.466601850014622,-0.21600405686781857,-0.5062291827795943,-0.30705691369366606,0.20473598951214694,-0.10375142499013809,-0.17126000370049166
2025-02-14,-2.0897698196631413,-0.5661705161009313,-0.38062951117997124,0.17058693842248052,1.24393714065736,-0.019917632480168812,-0.7376213858899128,-0.11994738834077434,0.3574183915113176,-0.1895406606626672,0.32681269096136795,0.6954792968414574,-0.31345754210277493,-0.376543482036544,0.15582427206384164,-0.6181700381406439,-0.434720941098827,-0.7047465056249742,1.0689646052494575,-1.1808027071094156,1.628408083035698,0.6986788197216347,0.3742567713276892,-0.5531929448987742,0.1631723549818631,-0.10898136749072937,-0.1066078811433284
2025-02-18,-0.5027398321297416,0.9518583546733808,-0.11090348469858313,-0.03537145835511596,-0.15766141390957766,1.1308100452682008,-0.26982835515400816,-0.6127873866008248,-0.05388087320283591,0.32893553846855306,0.0832416037058118,1.6719472420660475,0.30053829980702573,-0.1444603508169831,-0.5327878950770801,-0.8240576915412422,0.0044924133795496285,1.3364697856347896,0.380821426577014,-1.7062908520791815,0.014640694962976097,-0.6881503140667045,0.889494907182375,-1.1667563670116095,0.26318467488448205,0.2812732767770822,-0.7637873399290612
2025-02-19,0.3113629158283862,-0.7825983150978655,0.31701687136336676,-0.7309667667920972,-0.2243161364506463,-1.1920697289374287,0.22314080822752283,0.2857180050817959,0.9333918975460433,0.020483494575618155,0.22158665671326278,1.5212515552640853,0.09771604586354812,-0.09348828257085111,0.18979494793227614,0.9752623817129171,-0.28476767075359577,0.22007826959415777,0.06857560014299402,-0.1277526569298829,0.7028006927467665,0.41844734789168525,0.08559882770141808,-0.604233700170697,0.21060125843351807,0.14726300608141973,0.061434644505742333
2025-02-20,-2.6415147037896705,0.9941930998293991,0.04319838142652921,-0.548087795586572,-0.5452670310439893,-0.46820124726961965,-0.20755023416157486,0.785969024314976,0.6668496711237369,-0.29880814416439994,0.0889678317628404,-0.784558274980973,-0.36569961853473043,-0.4096259490804231,0.24906197855817236,-0.07722512060785476,-0.25246342688032003,-0.08054320993613895,-0.09366659131821331,-0.03223299230684984,0.4513093813116684,0.13990908240340438,0.1849065376189416,-0.24604367166395147,0.03661387244295124,0.17394264181246533,-0.03298671683446751
2025-02-21,0.5801707545896857,-0.11616464981192676,-0.6069852458473546,0.42745874326017796,0.2879827727435408,-0.2693488661530749,0.08637318525842584,-0.13796125162536055,0.7378452333038621,0.20370566429971704,-0.0669329226907025,0.776177803016899,0.11550230491684121,-0.03840360206528892,0.06325305858276375,-0.34506691140510504,0.4006623425052019,0.29626683821342814,-0.1697952909749103,-0.1062488603229731,-0.5960797882330482,0.1024577557532268,0.568933262778176,0.09161699401929957,0.12664305146664856,0.4792188291047633,-0.14677644218468355
2025-02-24,-0.07631856005706272,-0.6037817470663442,-0.10423904065596945,0.9766811712292136,-0.22731468204809557,0.29607089055496816,0.7553371023609898,0.33782584279626604,0.05065005211472362,0.4553078599133213,0.01790917548672194,-1.2936875480179442,0.3872539248717496,-0.1369732744654858,0.3539503164872832,0.030594528813016608,0.47006678766963556,0.679486196298384,-0.20894018166604478,0.1893449337277987,-0.09422747663109532,0.6329266846686539,-0.9048802316611897,-0.4746524228747562,-0.04848076617978726,-0.22597380846431872,-0.32370866523828734
2025-02-25,-1.2105600812841375,0.11603547272599457,-0.027825597608344077,-0.05603510048968785,-0.06101453247185534,-0.3969335910667719,0.27754835708963593,0.5163778729877375,1.2417291664830348,-0.08586099471557496,-0.23414729496620357,1.0487197744072052,-0.011056610101284892,-0.034225794054079106,0.060080042260543864,0.0659206128750895,0.0517069541415718,-0.5126483127830692,-0.13288746993683342,0.2185222776428173,0.17416336674661193,0.19797421250697722,-0.2938306767753479,1.0380071928703718,0.10051124299500297,-0.08910106163816428,-0.15177107299828219
2025-02-26,-0.03622087502067975,-0.42431530952142926,0.19216272094806236,-0.31583963753228794,-0.0576767300022909,0.8745701804286435,0.10165816022553759,-0.17543378275907512,-1.438132928756482,0.02529775429089398,-0.5537064081992227,-1.856474850312106,0.10060646450680075,0.06593508763346073,-0.44155439240517946,0.12881636770615193,-0.3804498564330474,-0.7530442888360073,-0.301859430578149,0.5956181889752177,-0.3025633667481109,0.38578688499741487,0.17249502870788352,-0.4990207367602095,7.422584555175518,0.014142472557938851,0.4160409376475842
2025-02-27,0.40319672238753124,0.11594469496697385,-0.8156959206120427,0.15840270506055684,-0.21079012687891252,-1.429931176106143,0.3278778686060901,0.6001142102716988,-1.7902465758710324,0.26909325444374976,0.2722065627804823,-0.18084593625801004,0.3017844692146705,0.3724068978687839,0.36063563040173763,-0.20813540542507353,0.31042306113691975,-0.15064399770728032,-0.31260325711622095,0.795721656271579,0.21718103692927082,0.8463090964562456,0.16001706243166694,-0.7006845090753719,-0.22649855668674013,0.11891221781325298,-0.5124383735634581
2025-02-28,0.6953099490539477,-0.670484807034331,-0.38818870483719525,-0.4395383982300618,-0.19809773888168136,-0.013328376710496526,-0.4261299096356792,0.32927105450989125,0.17313432435471454,0.2789201979055488,0.49885818151857564,-0.4980250172002848,0.38937765892603,0.07850043837526383,-0.032358577473923233,-0.11006746577236354,0.6235719163358239,-0.7568235527601228,0.07214008434579422,0.039725972988681635,0.10336192441508707,-0.21653133743813102,0.5633223015091409,-0.10203228268308928,0.42909894751938765,0.3315311747608482,0.06838234071469619
2025-03-03,1.7960093168761442,-0.42130995897761747,-0.9413867940245448,0.45270550601733717,-0.09266133947622512,0.061105632723146314,-2.0318831741012735,-0.2647781700338441,-2.9214310441191738,-0.5020593963802902,-0.22833849788701716,1.722369255959802,-0.3304882222887058,3.8582166511462153,-1.2874965572841255,-0.2381121009254532,0.4586602125643688,1.0198515531397652,0.6508939670774225,0.5203359584796784,-0.12474367968631556,0.7989804912895477,0.81914779143396,1.3422566217614658,-0.14065619667059964,-0.3059638717648262,0.12489443574881866
2025-03-04,1.615258301937694,-0.21840778914021164,0.4508458254058172,-1.5075563327541448,-0.25054942162944416,-0.41427138966788546,1.1225783318328268,-0.09183401755864828,0.2427703263707387,-0.06168423349324342,-0.27074259373698556,1.3409545323828125,0.15954025695952048,0.2630655178340622,0.7387414002420485,0.018792770204287903,0.24988384002517108,0.6607760945709793,0.19818318995672463,-0.6500695636161313,0.2766668032277156,0.2545579004653603,-0.5771863197379374,0.040330185539963315,-0.15955272560383965,-0.41160221330971225,0.125080566153291
2025-03-05,0.7095852122844792,-0.2956146833695534,0.09365163581327152,-0.15036938002711164,0.3695616300102248,0.6116970026086962,0.4949697771691781,0.240298734335594,-0.001553572650366819,-0.5085839535364307,-0.9730438426342005,0.3887316954697372,-0.487984855438339,-0.37299918567968926,-0.3321308569812742,1.1147046180804507,-0.26142012171181694,-0.549477233280349,0.40895211021548894,2.7091591567640045,0.36580104817589,-1.1572346185629807,0.6541576199435761,-0.6501477796268156,0.6676049819557346,0.33260813535759,-0.284371320858237
2025-03-06,-2.889764601742497,-0.3651974883221789,0.5626198666197191,0.993173811887706,0.3084172481447168,0.4648331578236523,-0.38109947093812524,0.41721429511547137,-0.5401139448569162,0.0628449024153552,0.5012199662601327,-1.038391433345276,-0.038678916594837756,-0.5448866710747409,-0.3201652064768625,0.2410356204996993,-0.08006907867149149,-0.40169986361638194,-0.1463573565691667,-0.4868698678341102,0.5826852198599364,0.4180666481505442,0.4900642488739708,-0.16566207590390902,-0.1943429118066012,-0.22950727441272478,-0.3098188831951587
2025-03-07,-0.3993788794001369,0.014172527272701407,0.2464089419454044,0.6042614205069606,-0.4199027115738533,0.02227446057547683,1.3681083184729868,-0.686654710993412,0.31065601244407626,0.1735049797117249,0.2642641309838376,0.3575327329597906,0.04097536787024686,-0.13590174445146486,-0.48294341417605696,-0.6440328371449477,0.32878715798810626,0.460045245129543,-0.06013833697780979,-1.3257429892681882,0.38399452268334416,0.5943948528936199,-0.9002801406836415,-0.06691608046657649,0.3200872053844041,0.08912821900061293,0.31335821041315937
2025-03-10,-0.20760973020179121,-1.6623107191094346,0.10792600297694421,1.134763743390063,0.8791503304114994,0.34019414975966833,0.06420601543266127,-0.91463904093785,1.2122024427710145,-0.038102401340415204,-0.10938229011065637,0.7727776237420283,0.021896001789296515,0.15770731619978073,-0.08608686018480172,0.6549396978589123,-0.03794733302549158,-0.0949830928554144,0.026943237518713414,-0.16668102318298028,0.017742996143481682,0.5131778487283862,-0.4380222969205495,0.5837347771894914,0.16546496505472968,-0.13683622731967834,-0.10257053817772553
2025-03-11,1.013137355974649,-0.34091808691120734,0.15216014607399098,-0.14678812302070984,-0.26827649804016684,-0.5652239859290298,-0.44017992443720727,0.12098086402261121,-0.5723170252525858,-0.24158415828117896,0.004213819398180441,-0.16473682706390594,-0.24581287619649436,-0.08094815948077472,-0.07230755660787413,0.0673878647066057,-0.20081813940694607,-0.10168735223125258,0.12678187464630963,0.7482737895174563,-0.2920444304699144,-0.7003133915118476,0.6562413611085423,-0.1814593220426991,-0.04029868364864135,-0.06532460852666763,0.11431963299250915
2025-03-12,-0.7749015517926664,-0.1288612426637677,-0.46540878257185825,0.7842542595421693,0.652048009213159,0.28149669461897475,0.7287736586379674,-0.2542463035934236,0.42079262141706575,0.32668480844952685,-0.41209714957234006,-1.9393460821199864,0.2812871900759615,0.3283617622959617,-0.2900936837609507,-1.4305218393788548,-0.09701000257139378,0.02905248248422565,0.09105139212356117,0.6850934353621456,-0.44341100986735993,0.10361956494518887,-0.14588635994243027,0.0776083997558954,0.8601268346625058,-0.30151809408470065,0.14880616520381285
2025-03-13,-0.5121693315090076,-0.7591288356172397,0.11527286456713726,-0.5659326212113388,0.6221127373396429,-0.3007171538557805,0.21466903388307293,0.2225926795662243,0.6620996936777601,0.13138792545791445,-0.7453829639433263,0.5848087259308338,0.1341403767559881,0.39728739792403317,-0.09715021675100044,0.006491749331238583,-0.415509648185169,0.6685827467821588,0.035948592132116874,0.883984030274646,-0.13361949977514959,-0.525519304453005,0.5663940178751766,-0.08453951449906871,-0.19039760304790976,-0.23922676994605926,-0.5290837370944607
2025-03-14,-0.8524817677636589,0.4714758539900428,-0.6988282131754073,0.7501791354571675,0.15906335990841203,0.5355555608413545,0.39344748749108954,0.4742127704121518,-0.0651154255575424,0.1355657938306133,-0.4114292083005737,0.029218808560097856,0.020290520377467924,-0.05741449026002213,-0.18933257809023268,-0.18417534631111962,0.6681707446064389,0.1663131287504211,0.09940469764791518,-0.5044711871930281,-0.5790057013453385,-0.08917402122619525,0.21320907438195175,0.2453286319559918,-0.05969427119465473,0.5660103558566555,-0.03833930101395831
2025-03-17,0.15803631088201753,0.5957246040294308,0.395766352586552,-0.8599661934499943,1.2439558096362604,0.34517658048182687,0.46100577735576365,-0.29346494033246895,1.170771103607823,-0.09682232253842693,0.22427841862114806,-0.5358526783787836,-0.11933431330658367,0.27190882459116983,0.3695454640398773,-0.8125937048369448,-0.235374369065612,0.26448263921639437,-0.31771710630898997,0.7401989898528386,-0.21041898364936454,-0.2959182051078663,-0.6684121380032426,0.7808268712401365,0.1596801750425471,-0.820366778782483,0.3687239023049557
2025-03-18,-0.25794529403533467,0.7491743008153778,-0.20768634886250875,-0.3646461354511288,0.13854530006961518,-0.08068804323074569,0.16314867781657566,-0.08840593523518983,0.1393700748928936,0.13024646382587363,0.21758553876367237,0.40601309768631266,-0.01053986984720856,0.12884193684612408,0.21790341294193924,-0.6044080353480107,-0.5957730172159652,0.5249936051425221,0.25106855880591783,0.7357470425127238,-1.291802537186176,-0.36088473509389263,0.18265959864779477,-0.6307727411256668,-0.07184522469904114,-0.33787417498315664,-0.007973034634825446
2025-03-19,0.980547953207558,-0.17980873528881808,0.8009140874357821,-0.03253029518694238,-0.47491198149145797,-0.9397938798137517,0.534104669050994,-0.0835109616025605,-0.4502240693680484,-0.21984189401941023,0.09804649422711337,0.7725551751757533,-0.1492045132816217,-0.206645862904688,0.40386867998764564,0.03410501150080139,-0.17851336461339562,0.5422801206159964,-0.496735121785318,1.0839080167612207,0.4004056233435549,0.2796920478043638,-0.8530447677962983,-0.4677397980977527,-0.2683038682268307,-0.037966844252884435,-0.650158367043008
2025-03-20,-0.4107207984194003,0.2691306434583517,0.5371645235308379,-0.3632324317335715,-1.1298299729258525,0.06833699926443651,0.6157679227749627,0.08364778734190809,0.44395113413539355,0.12726639784124893,0.0951867425298053,-1.6198862271811587,0.04412169791050069,-0.16110776205620053,-0.09581357381152439,-0.008958341037808196,0.6670836670404087,0.478222337945446,0.02105668063431987,0.3620546026252953,-0.2694303274171129,-0.005386192344683849,0.06928010030877817,-0.7049883207937284,0.062269661168210116,-0.4591099526507482,-0.9148237604137726
2025-03-21,0.2974553126672297,-0.5672507795276875,-0.09576063271587143,-0.3318441283855341,0.6781132974643513,0.41429591663280163,-0.46707588401429734,0.2927058776750746,-0.36990735696026733,0.2089281366448293,0.2609145696260212,0.012425893076182512,0.12103204582656048,0.12655870455422596,0.025210461941247958,-0.3474674764921494,0.2117231469461413,0.0057556559556709574,-0.006215444781595081,0.6917491320031564,-0.5623616756599741,-0.039422275642429616,0.7610874812897741,-0.02284940681654679,-0.032250667727266535,0.08041323665006242,-0.5914018598685384
2025-03-24,0.4547934901083335,0.41018433033170676,0.43631046356309616,0.29376853013265347,-0.5215733527834493,-0.027729220259811116,-0.3636909140604704,0.1800734229412524,-0.9678723109213292,0.18447961976484228,0.024383502127012208,-0.5073739472603829,0.11790184988935798,-0.1080231021531336,-0.1321146109943877,-0.13975140753482895,0.4763804434860011,0.10928421319162798,0.2831041314164102,-0.11907273477770097,-0.11347000055124151,0.07723088836689149,0.5777042487672752,-0.570138695336386,-0.19762683429127936,0.5047255837209869,0.03307902370429351
2025-03-25,0.5089436628031628,0.3786009922214601,-0.37375612671062863,-0.34940713462426665,-0.3808775377073521,0.42341096888053,0.04980100811580529,-0.030954738096936385,0.5683364114572129,-0.20050733690937939,-0.2025705611720948,-0.4137216827498295,-0.2276512494313832,-0.12535623505730734,0.3139581189693317,-0.20506994436670684,-0.38282841923685973,-0.32654738433803376,0.5033486960435001,0.9539857386181603,-1.20462978924923,-0.1033138498223376,-0.154229317162342,-0.11043861763612906,-0.03502890524830509,0.16395636399387561,-0.02709720679709003
2025-03-26,-0.5926428176651259,0.5710659253462335,-0.44479804735630923,0.44645005577497193,0.061492397260275,0.24581533808494765,0.06118219054960722,0.2179852192744579,-0.2573489943576781,0.06318193761509511,0.17834811056354094,-0.07882496023597099,-0.05505908919247532,-0.0019068122359353068,-0.29382847722923383,0.05780961583288194,-0.2499019126134001,0.18779500040472089,0.3290949241766688,0.2401236442325968,-0.2698171237772296,0.041021868981668014,-0.6939870820756167,-0.1655257281912369,-1.5405409490929247,0.07641189530351379,-0.25557543779873537
2025-03-27,-1.6151377754109284,1.8663831486042883,-0.963519322943351,1.1083168648684498,-0.5307733120982677,-0.11900401417829082,1.0402732740131992,0.4876785392894354,-0.723456243785913,0.03850181176056339,-0.20260478618875513,0.6903989641890548,-0.0006978031832584747,0.17461194844961078,-0.18590512576100388,-0.024436295833529867,0.5482540274175496,0.7563303110888671,0.8180834062805133,-1.5868716483162324,-0.9079545583090294,0.05729188006417119,-0.8433979382574595,0.5493812854865724,-1.0065944400395437,-0.06648977886937563,0.703277645845917
2025-03-28,0.09025092585731574,1.132070380624869,0.34943122209048155,-0.0795762773620731,-1.1970033301638043,-0.3273332135646718,-0.2590197380061366,0.27745382650734224,-0.01817387355192185,0.21819564747129963,-0.09123445800011498,0.42875632414402565,0.10228591852968494,0.26580221691664985,0.026556634456222195,-0.04626224973231416,-0.23585428551984053,0.7567271206463649,-0.18133205304683753,0.3025478325305894,-0.4065953763120985,0.0961644354406399,-0.7970752521568684,-0.4336977120234988,-0.15016834681298424,0.08839599763032471,-0.10545628215336487
2025-03-31,0.0014606409708466384,-0.5487879588510027,0.30867121983712187,-0.11381596998466553,0.19097296014351434,0.7822806733544481,-0.12774309363234293,-0.6442080912956852,-0.37514551568675814,-0.4096230235053381,0.2816171486756869,0.5136553197912128,0.06029332850659297,-0.1424214330470862,-0.01986581205099791,2.416433514676814,-0.014082603037500502,0.9516623100100572,-0.5791811816174394,-1.120958986899023,-0.32069865077919424,-0.8569959021835574,0.21691809135306922,1.6315224316777122,-0.23441887145306756,-0.3932772989492026,0.1548090786423268
2025-04-01,0.5667319512960052,2.5541819315571006,-0.8231478869043732,0.8293375499504614,-0.5279010327926237,-0.3814231589403831,0.2801057635586898,0.1486861862462927,0.6599014973740862,-0.2267966719130741,-0.05441038586993233,-1.0619762394940166,-0.24823588300095986,0.2321896105110008,-0.5452735965892002,-0.12355613960378856,-0.7726170229017388,0.3185597273595601,-0.12489428555546783,0.14496938962835818,-0.814405509541597,0.5746595318636868,-0.5915927528558121,-0.8823866618333955,0.4529492874453177,0.6698176473036699,0.11876212333784641
2025-04-02,-0.07450966671426414,1.1588735807647508,-0.7322701228717768,-0.41517233419641986,0.07318973366167125,0.14576618861201623,0.5683523678517677,-0.49466908676258414,0.6117111677832137,-0.16784013000139789,-0.3201498455032344,0.6650449069645964,-0.15832281165069026,0.08296057225166886,0.20205623797574757,-0.791262925068788,0.0763364298467275,0.6032643773860874,0.4616159778470086,0.15846328869521858,-0.5019441570541936,-0.23705065610799803,-0.7456194773967757,-0.6180901232147439,0.9946945089149466,-0.20874251126692245,0.15692229126429869
2025-04-03,0.15921308848482363,-0.7931372044694134,0.5373307657295838,-1.6721697499988628,0.5904921372197498,0.08157261068083539,-0.525155252773338,-0.4063515143894192,-0.637886443475471,-0.8419685509115293,-0.8011579638073774,0.6927750872243581,-0.5970116648309873,-1.0848869071022853,-0.667425854659351,-0.3913838538101887,-0.22577763533130113,-0.3668814990113085,-2.931265968755537,-1.4918744442051382,-0.1155962107516324,0.5065971466920772,-0.06266105223025553,-0.576084521864356,-0.0627540886683082,0.09504591463310999,-0.3500504684058104
2025-04-07,-4.0723876020349685,-1.3802375296469207,1.7198561714019434,2.099970785486651,-0.23552328772679032,0.6035273498753417,-2.946420698634886,-0.9459325533596434,-0.38933403797056787,-2.1312188845664535,-1.387136943433803,-2.9035648157593417,-1.9311136163945286,-1.30944879614532,-1.0047317747734517,-0.7605431387555753,-0.8576255494195801,-3.8795740793967832,-2.7378943330639958,-8.23131428278766,-0.9276542936697538,-2.338480788114374,-0.48385398897538856,-1.4345028095439578,0.907955059554611,-0.9101078481964179,-1.2688561129971232
2025-04-08,-0.13803574424617754,-0.08528643665178226,0.37281466761822424,-0.08083248354180883,0.016469000575954795,0.2607689972007283,0.39046550119058604,0.7278188493508784,-0.8731488015655562,-0.22399953323123822,0.8670353202511146,-1.0898566819081241,-0.03431782551309548,0.0914566892389691,0.37573579571039184,0.29578030869680244,-0.0021580268971947147,0.2829618922878202,-0.0917107850770835,-0.15053801072886397,-0.2575298223120911,-0.07486737342001215,-0.5220515635995033,0.3974854348332327,-0.7507326914599451,-1.174483525681493,-0.351027807204469
2025-04-09,-0.5130603816407875,0.916186739016434,-0.2345029649273105,0.5298827271307556,-0.05192330459859251,-0.4111671215544281,1.4692343332543025,0.5458264790249225,-1.2605867680295482,1.0408462253036277,-2.5533348595343943,2.2903513091877308,0.974622297524167,0.45956065653895295,0.5764326469195906,-0.7735575751424624,0.2784547202779576,1.9786513004923423,0.18897621924888264,0.10396471690913422,-1.4935332130043382,-0.8936132731473387,-0.40168850513815246,-0.44032249548329283,-0.2513600761201589,-0.07381225280365245,-0.8465972488338117
2025-04-10,-0.27490542476399726,-0.07846545365170646,0.9279343521392398,-0.4689367203456293,-1.0992995504543221,-0.6519205678648916,-0.9005944355933966,0.8225707004232861,0.31796867675806273,-0.8769333448606151,0.23453875533584018,-1.8316972487251875,-0.7177925461454244,-0.7948299183756726,-0.7779167578487869,-0.010647176110545262,0.3185255908212606,2.0230874583725966,-0.7389676247747322,1.3712242705467474,0.9156262564440252,1.2385390461111312,1.0268524733248985,-0.32791777967750446,0.4673166537997848,0.1978545223255548,0.5788083416710664
2025-04-11,1.1959046263365503,0.46878178020409744,0.07751623617013337,-1.178389243380115,0.24619333985012448,-0.37993155095457853,0.463052717963929,0.005831345747159822,-0.8736969917375974,0.14786186838322146,0.39807465675816367,-0.3982167558958093,0.12505391949199995,0.22050541053289419,-0.27501962848451517,-0.7085402207674802,-0.7060447978394677,0.795967730988191,0.5429870059278832,1.6730189939936886,-0.16868303941394103,-0.2854148672404012,-0.8571196767027676,-0.7253677141483823,0.2638209228939015,-0.04342248319788841,-0.25993148793221094
2025-04-14,0.581909286611608,-0.863077337052486,0.3254145354286191,-1.4407673415687918,-0.305779236384323,0.28340208177071763,0.5790880261357316,0.7040413413939889,-0.12435292334587744,-0.24655257504680586,0.6535040895779365,-1.4580245040421556,-0.28817301876981777,0.05801392401581784,0.17305625839639072,0.21994779274183102,0.09273318333669867,-0.9047504214931352,0.10701389926000332,1.3104957203415009,-1.031686682293667,0.49625824130520413,-0.7169686218206911,0.4758652584510771,-0.06825353821184327,-0.09770563646360306,0.367810827180871
2025-04-15,0.8472663590026428,1.1262462226443246,-0.5433845870808416,0.6968304311040021,-0.2334545600819626,0.9479936760156265,0.21171543155594902,-0.5800827707158444,-1.0720170585195057,-0.02753905191761194,-0.11232494344722471,-0.0733837480844231,-0.03536108470524511,0.18146045218727141,-0.13479932888845497,0.03165357759213265,0.19101827815807537,-0.19325423817722748,-0.4059662769301607,-0.6145639904006999,0.2398929476389936,0.3924518683775503,-0.8676975163558923,0.08631211370224023,-0.036379472882909436,1.5194720994212327,-0.504210269971085
2025-04-16,0.3916671924657178,-0.27996794137226877,-0.17585277266756766,0.24592410176730484,-0.0038454000716376946,0.7989642948505783,0.8107393962761736,-0.314630922327499,0.6516401005544383,0.3516658819058085,0.42036938127461887,-0.5159645895369988,0.22638530725705286,0.09612612589643299,0.401911680013464,-0.5987043594295081,-2.31579672642112,2.088915251457397,-0.20385059083986445,0.1181191720137601,-0.27338017038928275,-0.23089140402510938,-1.4094282257228725,-0.6430850956078912,-0.10560582354029285,-1.4452103607901807,0.05843399767613723
2025-04-17,-0.06708116316521438,0.15630588593631484,-0.3517445862253652,0.20993521757237893,-0.09364530521066514,0.03060031189433192,0.8337287922864698,-0.3393289406903595,0.06799383769872955,0.18227203789456303,-0.03276616739042215,-0.29041887944622596,0.18617478456565828,-0.0058364568441749975,-0.3117762274976251,0.09652391927572829,-0.5565243168210894,-0.020856788998053433,-0.5137823847332318,0.6332571833647788,-0.6789279257250337,-0.23644775036709162,-0.3839024998007305,0.10115517095913593,0.10891340429518531,0.14999085933740142,-0.14396173204445528
2025-04-22,0.15541588301604722,-0.13310178281117413,-0.4213668817377796,0.5748273521494193,-0.7592201895689814,0.8029581498651618,0.5820155357216795,0.2757435902909624,0.02132063968902087,-0.15834840299385916,-0.14766958761755777,-1.72156060044087,-0.020512195304259434,0.20220818067824894,0.1163121887346324,-0.4487943996227889,-0.37901652482962317,1.7390240993513313,-0.42242835601109097,1.4134515132724643,0.05588145129740396,-0.3185629580850141,-0.25312121197751725,-1.8102711527687005,-0.1113721380140989,0.04300633837629532,-2.1276286311046477
2025-04-23,1.3953664635183196,0.21620024563772955,-0.6381515531025359,1.2800651540612658,-0.9203795727514419,-0.3365852259241877,0.28033859553360313,0.03635755692298881,-0.3842824855708714,-0.5171549400793775,-0.6784886933954338,-0.019389855327886146,-0.8288361316750339,0.004468413242813163,-0.16393640589170083,-0.015353285576481024,0.21130287268258202,-3.506172163801428,1.4158986685152106,-0.7254354676273256,1.4347325924719498,-0.29972056379975986,0.7335374761369198,1.2693080001462136,0.18751594949228323,0.43136010446856937,-0.6242833816093882
2025-04-24,1.1569651037339979,1.4827751392096493,-0.12231701272368045,-1.7205004318520556,-0.6908863683416898,-0.16765668475689488,0.06798085285010674,0.03055266410061619,-0.592591370710104,-0.05064237684299416,-0.05011936920081517,-0.8667883561199065,-0.012169764498016766,0.18417644791503018,0.03970050256714802,0.036080926120143304,0.15328325952523658,1.1127286438457709,-0.822426417812771,-0.6201100525296231,-0.07253989010153361,-0.2279648914306821,0.483865550789508,-0.6716601778209211,0.0905706473652677,-0.1822563843574137,-0.15074423398041414
2025-04-25,0.15763974405806297,-0.4768445478388701,0.01219065657012075,-0.2973722788473464,-0.1118559243623655,0.4099277259822037,0.29896456679177813,-0.2937085887841288,0.7009570555937955,0.0020348872427809472,0.30414620972991246,0.025763103227741502,-0.025834943323602783,0.05863902979966615,0.24822187110625776,-0.06649529970974394,-0.03931505237308259,-0.5492896660065891,0.17129408236819377,0.38893809616130637,-0.2882586986432446,-0.2045389232562792,-0.5244690300657743,0.50170292021258,0.10490622127983878,-0.3707196478937886,-0.010657208740350463
2025-04-28,1.3597281457002568,0.8570655109251559,-0.1661103871724745,-0.34083393834559195,-0.8628624733547032,0.016547675186746234,0.6694712991241056,0.2556385456554429,-0.5893468651600795,-0.22740147187849336,-0.13351349065344792,1.7439683966124928,-0.17024138433431224,0.2506104214526289,0.5647202610664335,0.8346473317855907,0.1242464768386991,0.7794873456085243,-0.7303298723537374,-0.47978063630227896,-0.18059723252044496,-0.3065306941951148,-0.5500332104252287,0.6638501990033319,-0.32487829273011376,0.10701501508153322,-1.2118831080294492
2025-04-29,-0.4419867993216726,-0.38814177011352324,-0.6371202452217637,0.46007945982164483,0.32363438438291936,-0.08252376321814578,0.37762899054135324,0.4327580416907909,0.036252448934023906,-0.26253867899826977,0.024160998195057848,1.7010325017401489,-0.23127753474762203,-0.024383154278316832,-0.372257308141023,0.7807739076668136,-0.21337014100946838,-0.09544967797303192,0.4857309346227523,-0.19476252459220145,1.0947286984135838,-0.24329521075624724,0.3985248213740462,-0.05986142454774751,-0.0721292035784929,0.5810246016252371,-1.1289852369008286
2025-04-30,0.5027199814072144,0.22487207008633803,0.9296322979702988,0.0980605458787499,-0.08335285688786637,-0.025235678806567824,-0.002366581654354688,-0.038423079600406806,-0.20980144609962792,0.3055688262558902,0.1572723249446829,-0.1613036669759706,-0.31164486985698736,0.14443494575766014,-0.6929841799168805,0.25838251328188555,-0.15597545850116495,0.47173001976834855,-0.023643551553030884,-2.572215043706181,-0.7758284511435709,0.7299382745162941,-0.26217765578940444,0.3661007625693262,-4.304079984659045,-0.3340810826935716,-0.3068112534024387
2025-05-06,-1.5960947171306323,-0.8067162491904895,-2.3886799508664462,4.90733349055469,1.1342009626646872,-0.2745042785103332,-0.9033850332298784,0.06321536048371862,-0.2280046440131207,-0.5802207750056192,-0.5786101996389452,1.0615793650023195,0.5721292453080584,0.594406259093231,-0.45818571388440876,0.8489568655545844,-0.8402352775136369,1.9425001233829353,-0.3668150139364057,1.6172942145052862,-0.067827380142096,-0.12406176748815756,-0.07345789463896657,0.14558298651548252,0.2557122022715157,0.22178806989169494,-1.0159107555426898
2025-05-07,0.10487812969400345,-0.4471193920741139,0.016838534513361147,-0.4042243450753713,0.138873322867201,0.17648232818044496,0.0025997414479519976,0.6308819703382569,-0.08664979121929062,0.08107332023608482,-0.21791361355190642,1.1816309416941568,0.10868718045783954,-0.03342873037991356,0.0615914624075139,-0.2835307450265405,0.6952300801541924,-0.1596984876047095,0.018152786133402543,-0.604196025316539,-0.4559631825806987,0.5488809730931801,0.7897300086319761,0.4824915046383349,0.8869992899227537,0.3341027920190485,-0.8627099531256823
2025-05-08,0.1788625368397163,1.092759790968586,-0.506314346811892,-3.29329315289733,-0.5358521840262477,0.012281511698589764,0.6605113599892258,0.16226838809788086,0.9132255376537355,0.10547918311090121,0.008234102223703466,-0.3537329328163566,0.1402176517783278,0.13590413584385497,0.3268329343855296,-0.33971221765431037,-0.7500602314543066,-1.8637426870441032,0.40297342180306184,-0.5619195930695418,1.437533945271629,0.35914564215520955,0.25806741029285996,0.3174040799432445,0.016946341270545236,-0.23077295996256272,-0.9887216581498983
2025-05-09,-0.42957978890801285,-0.24697078221866703,0.23115964330801492,-0.4933307787768285,-0.7776264751258117,-0.2520660661646551,-0.0021077055362624386,0.194983347080594,0.5927885044083088,0.023328144013207153,-0.1399972855868432,1.2273836794899604,0.03554721956505691,-0.055918122102530665,-0.05694152410156539,0.05194334018325736,0.08073578312130811,0.35465996099962593,-0.3939652815010185,-0.2872933808658188,-0.6812982134827608,-0.11651560157186513,0.05841196120022407,0.2981753715740114,-0.15140472595956017,-0.23253019916576284,-0.4783678523974385
2025-05-12,-1.66697229012244,1.2785721047384748,-0.6146969199177977,-0.17911700665114547,-1.104035894987783,-0.006474168048222706,0.5757424624949403,1.0242421259198051,-0.45245063555995524,0.043812154906336054,-0.4312742287730847,-1.3364128289546924,0.011426140750908087,-0.001932100573231288,0.23774052238610843,0.26263764802438244,0.19453089089111314,-2.4397642723352786,0.5548100927489352,-0.37024106317711825,2.0058961163405673,-0.4162731575067604,0.5845872856675204,-0.6362453639292203,0.19694861526224922,0.5640721250279659,-0.5579297763568201
2025-05-13,-0.1500762269518422,1.3762196615558708,-0.8487705114166926,-0.8883349721066424,0.028462795920445427,0.012034331500094475,-0.3715794556418187,-0.34196287484442967,0.9665361129884715,-0.25336779861528413,0.4939916449237589,-0.08273328163438193,-0.2017973096063802,-0.46600328490633913,-0.07088638957755466,-0.16617420461507365,0.7038814233718526,-0.009400256361911219,0.031013889982444476,0.5385361635525556,-0.30723365674060976,-0.46483508683893543,-0.3570086043347812,0.05151956669710478,-0.3752576885316251,0.4876037703701893,-0.3163986725753992
2025-05-14,-1.2530931201750797,0.5183461170794349,0.13908347318061054,-0.7651044625693262,0.5508094463769847,-0.12258282399809138,-1.0894246496326725,-0.15971082353327126,-0.706476071450123,-0.4206121262170851,0.2067747246625229,-1.1787476463731286,-0.3421983025183952,-0.0443934558425427,0.49206100687725807,-0.3473115170214104,0.9937894406579098,-0.9006530655252121,-0.14457024489295844,-0.8456294074758173,1.209390475301281,0.5280354831620118,1.412846083048121,0.1927251272862257,0.6241633084712521,0.7525658060969976,0.8453689435204423
2025-05-15,1.251572378469204,-2.5825152106831055,1.160852212724236,0.13292438877587906,1.6668011315281208,3.608734216305192,-0.816950831745892,-1.0296378198674094,-1.0391394900505542,0.021623810933492194,0.38081903634293895,-0.6522645462093357,0.06649165270248703,0.27439171324946576,0.21179248006429052,0.1641888824663144,-0.300896293303285,0.5014752961659823,-0.19731955553567448,0.7055980885196135,-1.0775445695153614,-0.09695391911686435,-0.5864148019107976,0.49395017876789926,0.3995959136831534,0.014915494707762919,-0.3070445450226985
2025-05-16,-0.4427666955566669,0.12818766462372655,0.0516714180836465,0.071323864039114,-0.42647761233928705,0.2478122038123085,0.6922877499154486,0.6795734015977515,0.1523438498183926,0.5165224335556575,-0.1945272136079198,-0.202778519253063,0.4311122631320506,0.0645425505926978,-0.4887158500937307,-0.11023880714559738,-0.5154333222786309,-0.6129613726058716,0.17903148964655013,-0.4916837052363323,0.6412837854089584,0.37646385691451,0.0997496643213126,0.4458838066055228,-0.42303485548123443,-0.04827125702554168,-1.1728534332803386
2025-05-19,-0.24861093269400952,0.4827045691688461,0.1472846489918277,0.5833808194858441,0.2060158975392382,-0.15425735317406275,0.4919229900884785,-0.20783958818923695,-0.4093075757596697,0.11127850098145226,-0.09503996488356038,-1.4975657610101916,0.14381192461485254,0.09837089417654198,-0.16946583483415556,0.10568003668186564,-0.00962912065789734,0.459070993202384,-0.7884080439998927,0.9951288141661379,-1.1887678494329745,-0.3567240662091343,-0.5670025965208468,0.10055301207937761,-0.26921959464814355,-1.5463240417511266,-1.1223848494919522
2025-05-20,-1.1569430159868836,-0.3091823086998858,0.4746529986474136,0.1759996255773087,0.947232941771295,0.29480591481131696,0.09326219789011686,-0.318977675106257,-0.4366062023712668,-0.1260516823443696,-0.46425828060482244,2.5394217341026253,-0.1542193277102158,0.2744968480609663,0.006096231523717334,0.5413961707005397,-1.7823222623345942,0.23842769367721228,-0.2609925110707325,-0.9719751950871235,-0.06334984118133419,-0.5546936839268445,0.8242048438925589,1.571574997370865,-0.36492367961971894,-0.1482269631860212,-0.9614965672657547
2025-05-21,-0.29258607756779936,0.020756073670080588,0.1379423267932276,-0.32293219666087764,-0.2645002652397418,-0.09633280527761054,0.3427835650965256,0.0403489865637805,0.6075133233504548,-0.12258799253521163,0.06752243540528675,-0.15584414410444258,-0.38687818012794484,0.19096435732522482,0.3501799793399045,0.053713103588086876,-0.06778605463981809,-0.07861587789188218,-0.2167829357967258,-0.15233362861691935,-0.326310368634518,-0.07396869228236558,-0.63635737472901,0.7419309719329812,0.4981820056022118,-0.15655089743599995,0.6795730987249541
2025-05-22,-0.9274030880339215,-0.538613910113442,0.5571602673685935,-0.09808059877726821,0.23126626317388121,-0.18894657526853825,0.5297065091829497,0.6459935361755562,-0.6644527084196853,0.2070145005038163,0.15602685376608288,-0.7921876012786685,0.18388706478948907,-0.003320940982307896,0.027058173093790494,-0.05147598496065431,-0.13630275989039992,-0.15755419599302334,-0.1039576056858953,0.6821935417813504,0.003453412541519929,0.11312951511507818,0.4336296257538429,0.3501620619691191,0.10060146207545112,-0.03661824319186939,-0.13277934934162783
2025-05-23,-0.15655204530166666,0.2725799040006514,-0.2367991455053658,0.25052942475611867,0.13558658246204766,-0.30596658286194167,-0.02779693640256156,-0.4064240447967639,-0.29700112261810285,0.26708556691689644,0.2503741173023546,0.5021693899025004,0.2665644586404901,-0.1901426797112824,-0.10631932089531654,0.1574725538828359,-0.27966016395908677,1.210750133032585,-0.3611066606298935,1.4665114541631916,-0.45407009456023706,-0.4792757236861331,-0.5708026688614616,-0.5577919040752051,-0.162096011092922,0.11720331272700377,-0.026184443153080203
2025-05-27,0.3458958976652735,0.6515443740502906,0.37091961557639375,-0.08575264898384216,-0.9407408866006501,0.2498934044476735,-0.11267555867816531,0.5075062947160355,0.1612977942054886,0.02544168589459661,0.031254502372731585,0.2622460373103308,0.14403362846048023,-0.16483856218338266,-0.019773241387635254,0.25789141548613637,-0.6583777032024223,-1.069249217512379,0.5248180685295395,-0.8624768548127075,1.1064654277714339,-0.13743151767449902,0.5983933285550385,0.4545862099402532,-0.0783073181417196,-0.577442583092818,-1.1483030685738491
2025-05-28,-0.7215687617223674,-0.1833086339025488,-0.4255620480401361,0.15997934138428677,0.5942052484402761,0.8073339280257152,-0.3167445265564053,-0.12120387850027425,-0.760098326280352,0.3794264059064024,0.6734884264435582,-1.1686895964242556,0.36252320376712266,0.0036714433348467024,0.049842153574037235,-0.08255321705722991,0.4402260146429236,0.15002680628167256,0.14653360972283,-0.2768125190994397,0.018878534134840752,-0.36465992917052303,0.04829374851785018,0.21394173707872194,-3.9798570021857094,-0.4754348303486401,-0.7894252918055721
2025-05-29,-0.5284283862794874,-0.6203806870078289,-0.44376314850359233,-0.3725920630379216,0.8175711453310568,-0.16359707910023108,0.6690130810706745,0.21330518825904288,0.5724996047129877,0.16067943596942286,-0.1511839820484322,2.3275690148140407,0.07826577510622429,0.14374010149089073,-0.14617761379378535,0.09878298467016038,-0.11765618321261376,0.030733379964544616,0.1130852835014804,0.13060655664734694,-0.7943285127999092,0.6013213148581407,-0.49899945354344677,-0.24910342960435616,0.2266781407270293,0.5460599386830971,-1.5170715584783696
2025-06-03,-1.006664058540745,-2.0597349524769584,-0.6228730604362462,0.7991038592595625,0.9065328561512347,0.12245034943687061,0.0881651457525745,-0.4996131166098079,-0.3160619108748659,-0.08888815114332504,0.365387970844566,1.2698100885434167,0.4584394139153176,-0.4580194321554335,0.06887964515892708,1.1366455628452468,0.39745487747654973,0.546607105844882,1.3323662858034235,1.5261063952376532,-0.28684598768971,-0.45459181556018213,-0.11112534597884749,-1.2344438364415642,1.5614145100628696,-0.1954814016285435,0.3998416439309899
2025-06-04,0.41629049317069233,-0.11599070504563194,-0.12382156481593169,-1.0478777226903295,0.23139862718965704,-0.1989843137469534,0.8306627503544619,0.05282173113174149,-0.5398421803402473,0.10834463498319125,-0.17548889868546558,-0.030881435842416483,0.24467741787518243,-0.16772684570369645,0.018820889858773837,0.19684436123343424,1.0169617992674092,0.04121845988527639,-0.6504955288983325,0.31663286464535556,0.20467112477898386,-0.5313764529045502,-0.5272449484938098,0.4479353990570607,0.0357197932904431,0.34125305601000067,-0.04497695039176629
2025-06-05,1.32609599852592,-0.6808211251573626,-0.24026754094560543,-0.046935985578640704,-0.11598378390634387,0.3856333855158491,1.5775445676721513,0.00899810958889491,-0.8065622275620867,-0.2954031507819508,0.029109758120324236,-0.275295502280826,-0.29881541091326813,0.075667651580055,-0.09299348396463158,0.10147782711341274,-0.2560378699020972,-1.8247553358767417,0.6932730349994181,-0.1326544945265652,-0.7088746784528211,-0.2265030357586122,-1.1059542685422397,1.3035711624052975,0.1409949407885548,0.03971033396821033,0.11297943745589568
2025-06-06,-0.36207203705455243,0.5530260707495811,-0.236758839576112,0.026474562607328195,0.07445812593950207,0.5546603756587632,1.12912034699714,-0.23877480907257148,-0.3451025490983184,0.058223577157464734,-0.06328799317367695,0.5712946643513592,0.005815991982273894,-0.2968871086947079,-0.019567822833587045,-0.21940857017814092,0.2662960439547878,-0.688933556924541,0.6925127478387728,-1.2005934847901885,-0.7651764774124802,-0.03424771080430576,-0.35097436257275827,1.710511321667933,-0.050346466353198775,-0.15200408949657349,0.9959647972746706
2025-06-09,0.37098039623434,-0.003424727743926964,-0.5982110630162789,0.1889884557521156,-0.622894862547656,0.3289662178719012,0.26583838987790037,0.3204743135592767,0.4703648858388275,-0.2924666872366938,0.2239221698803403,-0.8991297509214071,-0.19086560677728687,-0.17494208697456048,-0.2273179919778478,0.045424549039569745,0.06850834476465002,-0.6199224624047246,-0.012618994133323902,0.35204934437956203,0.3464822142859182,-0.6895359362378062,-1.0457733709463706,1.2212736163298965,-0.010327020654785468,-0.1442346538524237,0.2406811222884686
2025-06-10,-0.7358843967552662,0.638178840900345,0.8950418161257151,-0.3946525218856324,-0.7684642475922222,0.11848723494632388,-0.00581554190799361,0.2676005385620176,-0.47690935532157186,-0.01624685482363604,0.5536602058651998,-0.8132686815077863,-0.10907848631939965,-0.075931878037072,-0.0032461204051293796,-0.628910491046065,0.18613717308032676,-0.10707050579503014,0.060781893229691936,-0.2637683964955343,0.7161811148301717,-0.22349120391877492,0.23182321834266864,0.14210593464875365,0.09979950131936324,0.05382652551726433,-0.0595506306287019
2025-06-11,-0.4158476877835888,0.22634387790598226,-0.05428771595471091,-0.023873499853986797,0.05143545320565969,0.2990531549832091,0.30627882337710416,-0.31088920848749846,-0.19756848759597576,0.5365963704191083,-1.297535245343994,-0.2302763187385601,0.5403500804980748,0.25767312122625174,0.09799355305643354,0.045480744458664735,-0.015280623069361093,0.02721555589718844,-0.685073782181313,-1.319485079337768,0.7035285413316161,-0.32749682348190345,-0.11984748136027316,2.090597045000074,-1.3362881702901956,-0.18647686793609528,0.1877290562245877
2025-06-12,-0.2867068988654723,-0.21155195385014836,0.5597628445970995,-0.12472647589202579,0.0045652270153968555,0.2539838570819152,0.28804148411478514,-0.17140024166974188,-0.25891899239734256,0.19940236560224908,0.2945077186012592,0.06898435471789446,0.3246913347744818,0.0030521244728286545,0.15165980457578587,0.12071487616163346,0.40859760351163504,0.9226994303608196,-0.7683515376625202,0.13547461695056445,-0.09639350271070149,-0.2343622608013749,-0.31836853900973183,0.0536704597431753,-0.19644563143517663,-0.03683574899240402,-0.12546069590567943
2025-06-13,-0.13852475318820046,2.839262073263391,-0.12684870349686006,-0.26220776919371547,0.8052841612607267,0.11938311758773615,-0.9996630132784019,0.8794145934930064,-0.8046288739887894,1.1649608545217518,1.2451195241861268,0.46884700511647526,0.8827042960141833,0.04640396705452021,1.6159166665199787,-0.15169704563684508,-0.027886136042631016,1.6744226139549383,0.1896585629385549,-0.30682727404499854,-0.5034433140332579,0.1028100323026279,-0.1753634354814066,-3.0315137808493198,-0.18997408693101098,-0.2999022419671622,-0.263759750929057
2025-06-16,-1.2361325386895499,4.5748008125561626,-1.8211985556665047,-0.37314290286270213,-0.8390413508786676,2.0939876808004234,0.3252213315413839,-0.6756072710541956,0.9048416285295391,-0.817278721152818,-0.21085220681212585,0.7530595533509259,-0.8229654920221681,-0.25643199622778556,0.34110303979378653,0.21262640206196104,0.9867117251080764,-1.096682790115047,-0.04124022502139987,-0.5673365235650222,-0.3196855815133306,-1.0476639555215832,0.02033579738442781,1.6905851825629816,0.12262194127165894,0.17282975711122758,-0.9750438531551034
2025-06-17,-0.9624198068381233,-0.5772638334815283,-0.338752147076276,-0.4651434627121634,1.2145359970316945,0.11828682381266542,-1.1357677342249886,0.3287213639854692,-1.3553283258959214,0.20143836558752048,1.4795209757621706,0.4088813647798838,0.11887636238403365,-0.32930063937571596,0.44770268582533546,-0.2645102056825117,1.7638700412824115,-0.21369479630438132,0.9288565046278701,-0.6338962169215901,0.73740711056025,-0.3163579303351745,-0.16219507251452595,0.23563169839498566,-0.2558728778865545,-0.8766493578945697,0.350505153879884
2025-06-18,-1.6921446351575595,-0.4271493504695488,-0.03668739752444644,-0.4385853538903731,1.8632205315128836,0.07852644964826255,0.3290043193235294,-0.3325290866951447,-0.7308123821574694,-0.3240937283033858,-0.18110750043314072,0.7330358349427744,-0.29108451182095907,0.23618735514043798,0.03885040580152804,3.938535578315583e-05,1.0650529356544818,-0.3984968720341362,-0.8655204162016209,0.13069352071877371,-0.32437159441702196,-0.037109465743986436,-0.390340492817901,1.7743863458845501,0.2013760061851244,-0.23158918655277555,-0.0018044307377307195
2025-06-20,-0.4902848066723333,0.03513968957473029,-0.18326883725075815,-0.49517689151477984,-0.27910570284866687,0.2684831418037166,-0.4788417899733885,0.051867219414585886,0.7795807549698803,0.020939140319644972,1.197931548220524,-0.9680570212375148,-0.14846719396920027,0.19577236990600105,0.021929997779612354,-0.08316296664412498,0.2917199963146189,0.3257887409523579,-0.4876019140113721,0.15049837326469334,0.4508341039753635,0.3040439319219055,0.13543369322859952,-1.3452706734533617,0.25785399600917785,0.1780627183793399,-0.6390378777433259
2025-06-23,1.653719838772228,-0.9126056654697237,-0.9302374703971774,0.1619543540286874,-0.8156784495180571,0.15235462484060136,-0.22665857903928183,-0.2360822048792509,0.040829591755609795,-1.3932263147709723,0.2502660066356216,-0.8583561256936563,-1.4795734084190197,-0.40531133598808355,-1.4327999743651523,0.5196502911752314,-0.16049124246202046,-0.05050259574579147,0.02874495005320732,0.39059076230408973,1.2310680373630811,-0.6413116316729937,1.3103052887156506,0.8425392613368955,0.13263267035219978,0.33799318062404304,-0.77749991395182
2025-06-24,-1.6938697632211732,-0.49753732085079694,0.1631706005429932,2.3023953692184946,-0.7737616126932017,-0.3024981030957786,-0.1410413321560267,-0.19587760788430852,-0.3736601445229901,-0.6579187100081438,-2.953896140466308,-0.9597504479533969,-0.41127113633706536,-0.6532285142934824,0.37009430885304706,0.0711268789984083,-2.1242260794290426,-1.9708020158257067,-0.5039491790264985,0.908735505889986,-0.02926325226774773,0.6074768555434951,0.2528166081850055,1.2575669050552425,0.1338646983597071,0.11404008016780945,0.3140952121883863
2025-06-25,-0.7307041290207084,0.09344610337034215,0.15899854994995455,0.4587325222350578,-0.1597392997094904,0.40816069273864136,-0.017020507490358782,-0.6289379348548647,0.8255657759196617,-0.06279046878534927,0.5321235205709328,-0.8658785219533381,-0.02773706933398401,-0.4050467686361526,-0.1748456864552131,-0.06030247161174003,0.21917940885608067,-0.18772764814255538,0.03351949925968112,0.17611103007774354,-0.9613856026602624,0.1518834524361452,0.06246703341894366,0.5328643958800932,0.947167353913835,-0.4099540984057099,0.7486888099595919
2025-06-26,-0.16831507120755546,0.5970809981847692,0.06688416237830454,0.1313333537012752,-0.43988775121453183,-0.2365492946745527,-0.19301539752697594,-0.21768217869351042,-1.3302668193580724,-0.640263393922792,-0.06103482863162246,-1.19846874594184,-0.4331628463236671,-0.21424462469062805,0.47160515445884976,-0.1730132395006136,0.027098535767117238,-0.8260594619435317,-0.38645889169301884,0.8931519895200681,-0.2164505558583143,-0.5119935017520271,0.6250721255111116,1.7852860083412816,-0.3183750936112364,0.03978389332716528,0.701818829977443
2025-06-27,0.05649419883098488,-0.4463044605908858,0.6903096450172812,0.25661283953870484,-0.4532313475036147,-0.20025197949379692,0.761755109473206,-0.07831927850379561,0.5280468304942965,-0.050983789424931064,-0.9508076827808019,3.1302103929624407,0.08540118947200731,-0.141291954957738,-1.1085079192719598,0.03324745461437147,-0.08983783870590416,-0.23314407509043744,0.2351764872955472,0.017407130764647345,0.4161447691666791,-0.1186468315588913,0.28809346577720807,-1.5340631901041473,0.10028577082722157,0.5563946128506062,0.9146701620514439
2025-07-01,-1.4409195171832783,1.7069398877491397,0.41861284997646947,-0.8131488425882509,-0.551382241199823,-0.7683338316610147,-4.4646770171322725,0.029525083242184863,-0.20735957873318595,-0.6780630273382151,1.0617364841219388,-2.0792118248269538,-0.22179175339299084,0.03166336549729601,0.16915010611304954,1.888074606992696,-0.1547375013952132,1.299900582807979,-0.5203150473129659,0.1776081818655626,0.44625210290532213,0.46563888037463735,-1.1713587321866443,-0.19233145370598426,-0.43603615706231286,-0.495639986790637,0.1885807880290027
2025-07-02,-0.7427391830617077,0.42248576915651515,0.3442059929092003,-0.32404058744080344,0.4429541996291406,-0.07232463495746355,0.3573276890484677,0.6637347218382204,-0.8563260132566278,0.2150309576280729,0.027502134725454375,0.21062843747850113,0.11109685943775882,-0.31138677969088957,0.5401763519327276,0.10133309409511412,0.028581671201010315,-0.6312587240818983,-0.45881539402382654,0.18842667423192871,-0.34679445449906526,-0.7748815255460251,-0.123633066818847,2.0491059394998756,0.05164636325338727,-0.4499409716332509,2.038333737284649
2025-07-03,-0.8979104472080661,-0.40956057828681275,0.030900856392424902,-0.9972362975995535,-0.8389972248540887,-0.5826284326291643,0.38342316336511917,0.2359772927320815,2.1975311292750868,0.17047469225455678,0.954122098516243,-0.3067915965504723,0.04184412790133074,0.04287635984444754,-0.41268582517601027,-0.34254683561398735,-0.05697403063843161,0.0027806429114536346,1.1573734416892238,-0.3198659464801662,-0.1764173980931204,0.7388372482368308,-0.11923740101749489,-1.4429908379578609,0.3039501136038096,0.2455477611993533,1.1994330765713934
2025-07-07,-1.247181495739692,0.11598065647334022,-0.8588016417847313,0.31971276400893467,-0.007285794842006088,0.18027826877383918,0.9495830257368036,-0.5361707496679073,0.23472785285876818,0.27485176173411213,1.3144864923379544,0.2720684236354365,0.25412126607786484,0.2578331728595763,0.6830315063119352,-0.7912559734894103,-0.6685164473742028,0.33298002613313055,0.14740430474569205,-0.7836580195857643,-0.20126203157649591,-0.019821912981664025,-0.8225189239017077,0.05015572790032169,-0.40467393107856975,0.12092274085810567,-0.00898027656294298
2025-07-08,0.8628740449798757,-0.056864825568498985,-0.6290320197248754,-1.049979468538364,-0.20338182380144532,-0.2844018575537263,1.0086884361498643,-0.4074994404519511,-0.8225391283317853,-0.34338448432378677,0.3847771151961963,-0.7089437776950672,-0.40890686732475656,-0.05798601439304807,-0.30749132317840067,-0.001790561839745155,-0.6885508400955946,-1.1650691689269062,-0.6685613283286342,7.681155587388638,-0.5962787597572481,-1.321827549717206,-0.16086596587889201,-0.0357648886289601,0.780759375536266,0.9472001695547102,0.3855506339942203
2025-07-09,-0.18861229387786835,-0.569141524423353,0.2783583976664092,0.39142664257695137,0.06275101372848221,0.22085495023825388,-0.09078157442970604,-0.5588083555535692,1.0517752788943204,0.30304820450179,0.466562851323168,-0.520737457172096,0.2552326918535464,0.12014344338548347,-0.2607865131592382,0.3254395013766086,0.07837002856775488,0.384942846347779,0.15416222377670857,-2.0445640631597186,0.6170320480333845,0.36446245310250236,0.9410313468087852,0.16725443461212508,-0.3048555702386226,-0.37120832159324557,0.29895146736826483
2025-07-10,0.3019951333535378,0.14888203982484094,-0.8409996698764797,0.8881851009544828,0.8572825594220035,-0.25287744725574735,-0.3492997994290396,-0.24756755916321316,-0.9454616663670912,-0.4748208760830678,0.22133707157615085,0.7439134185723179,-0.4920437968222856,-0.08708958319728766,0.013216576277651326,0.3720040754625267,-0.12931318448737894,-0.7150297772871558,0.17622837810552205,0.44973094360709864,-0.3262131902186961,0.04698658511016285,0.09851213267321435,0.18944865522210463,-0.10649709646966149,0.31264449999527066,-0.028576148301393878
2025-07-11,-0.3055575576672157,0.8719431520777565,-0.516132535931018,-0.054470114176919236,-0.86616175558609,0.0754601095226059,1.1887930158720759,-0.48469000601688095,1.0195811808005026,0.977203493228553,-3.3938175423386467,0.056692170191249475,0.8559190737783742,0.5819364517541253,1.1171804902571796,0.3449339619808799,0.11725798381611074,-0.2471008591249475,1.0178168169484456,-0.3030759126215634,-0.4484753009662136,-0.5750057010214348,-1.2082706597669541,1.164698011991851,-0.5661045550638728,-0.22898725821777252,0.40461263410649234
2025-07-14,2.428795404999065,-0.21853076592343193,0.865775040253377,0.20632597126257815,-0.21933107162767274,-0.41557302382876515,-1.075401407050371,-0.9402927308915519,-0.7679488151821653,0.07197038206397632,0.04287414673479073,0.8724614184468671,-0.017766086139755832,0.3587393668806575,-0.2087120740944194,-0.2551491614055894,0.47645474264419296,0.5545081681680388,0.41942802961177744,-0.2981642243792936,-0.16246284912066988,-0.33141833538504534,0.016384020781742503,-1.3672254077045767,0.2956979086621171,-0.8746811162488695,1.880341377854232
2025-07-15,-0.6303344507489783,0.1567708227882212,-1.7735048134936782,0.6664876285155016,1.5496763419874306,0.13671941067090068,0.9706113388919129,-0.2015402537612615,0.5629179447924806,-0.31501174364233714,0.06119371704195996,0.6152928679485852,-0.3045091686581134,-0.090605342599196,0.17926211959110844,-0.380504449866864,0.07208411527916159,-0.19392090074978918,-0.36806368551903845,0.741469867847676,-0.034311161971596504,0.804415188419218,-0.7046440096222952,0.27053555558316666,0.17331428582403968,1.885199285423818,-1.1305331310098001
2025-07-16,1.5051904571024088,-0.07897028904271913,-0.13589432209084773,-0.4259505968988403,-0.7464059936193739,-0.814480608440685,0.4485034039293768,0.6476541682162444,-0.3462024921904776,0.2927675749162408,-0.4489139158632688,0.40544060162071477,0.2669317112384374,-0.019317873164567234,0.1376424386332458,0.1316668597421628,-0.4681176070691544,0.26365766721189166,-0.4276665668858255,-0.7878912513940627,-0.15125709055865127,-0.472733764510121,0.2661903217832868,0.5952157286125122,-0.44198445323693386,-0.009437546650726047,0.4804045121281585
2025-07-17,-0.464834776106067,1.1414170526814762,-0.5755524209570626,-0.09944184214384655,-0.6447007790659672,0.5136171487594914,-0.15783902131891578,0.32193840371965,0.322978929175169,-0.5606718659767967,0.3207201333076206,-0.18893819443713555,-0.4559802535251435,-0.528864227978423,0.11158765725272857,-0.06409492207210996,-0.1327450791094822,-0.6917998542010189,-0.058719961874742765,-0.6812767628843024,-0.4217354017588547,-0.14029696996882682,0.23696620891614917,1.0157447942428022,0.037229864387499395,0.2207879053541339,0.038268017813924096
2025-07-18,-0.8723149516131087,-0.8261200803927349,0.6717314237861113,-0.503565485248703,0.851806672155579,-0.23491688188856824,-0.5818287913019331,0.04346772332485033,-0.16146526059338298,-0.13623159294923617,0.7087608951251608,0.1019287438360329,-0.22458838024177222,-0.3888232788547561,-0.27767100961942914,-0.024533098351877065,-0.002604373362045921,0.41015379384360573,0.13698324341963045,0.4542484309931136,0.9826654113910396,-0.35586152290936796,1.1126445372349252,-0.7863539795844494,0.2788198118898661,0.5553431626410739,2.0063577363936465
2025-07-21,-1.4804390100576965,0.6495825773804886,0.007607577086417683,-0.4250552405758624,0.2917256803402447,0.30496691478163324,0.4524415114042529,-0.2271974161823681,-1.2308726072726706,-0.10188669846708402,0.2074037237658064,-1.7044285981455294,-0.08718289464655063,-0.4205670209427068,0.8800207105891007,-0.20049829759725626,0.556176183562281,0.6758785146082285,0.4420006294226009,-0.14961310835878677,0.15352417493477344,0.443871184272256,-0.13006998376709167,0.8610393077825338,-0.03927164148635451,0.4740956811109748,2.6317807479958746
2025-07-22,-0.14311931304688785,-0.26946730121156637,-0.4318743886378523,0.07962139431997597,0.8793841386156979,-0.11091866610511789,-0.3591194770551783,-0.10501204132762099,-0.31906869050001846,0.44127513197308543,-0.2789317254257716,-0.46803707987288345,0.24730582738981766,0.1260225379522633,-0.12981601261027198,0.26669149477865095,0.5840928283008576,0.8862978895050784,0.0644536081788799,0.8439438191683679,0.16503846276868578,-0.23703766419770023,0.05227679494614468,-0.5832221878621631,0.2130793755743296,0.6608753020703535,1.751619839149693
2025-07-23,0.7451935413916161,0.7291043771763066,0.17636809946960547,0.07452275661938708,-0.6898881782332466,0.15197334353263672,0.5643175287870267,-0.09895785374890748,-0.19745349468877343,0.06249485216493785,-0.1940336334777673,-1.496558934030635,-0.36032328374099776,0.3885745844163658,0.06650941335391869,-0.03432250535045403,-0.25521756685791785,-0.835181480742405,0.48355799620572226,1.246263121196382,-0.27653201481276524,0.1304208597718135,-0.10948843292901789,-0.6685161428884017,0.22552995445306184,0.04876410738859334,-1.4791332249451954
2025-07-24,0.28124989330862693,0.1478319759134441,-0.17808299847637055,0.4061311189931973,-0.11329541345519406,-0.4029947117233234,-0.6918020720665032,-0.6776976840085593,0.7030686920943527,0.36991474339423125,-0.2133714571840694,0.03842327951999491,0.34997949803335077,-0.2981435506360644,-0.6627606154162143,0.083247309344867,0.4092114523758675,0.02829780095226475,0.3656547504850089,-0.13602416229254424,-0.013081131116339392,-0.3067409155592169,-0.42417918707547747,0.1254564004007911,-0.017083871548486784,-0.23455753311377028,2.216683740458959
2025-07-25,-0.7362994931649005,0.05909271065895971,0.018677384428361254,-0.11726796569704295,0.2746303974353955,-0.1501319324295417,-0.00016164561548712153,-0.04785839864726649,-0.5807117805210759,-0.17266036705638171,0.7422380701808557,-0.17236816767362023,-0.16595416714599975,0.08220798095283442,0.08838461396214582,0.07884783045489059,1.0101414648869604,-0.05364698783021815,-0.14299928127815664,0.0303014376619177,-0.16104807649977043,-0.36731672553369477,-0.3829408555330833,0.2723771778775895,0.19804243138776476,-0.11499496311543372,2.2172775931950195
2025-07-28,0.8430024657808466,0.25919384778719806,-0.7027167138960216,0.5405637700379278,0.006196807464234379,0.4033390506523402,0.7475653616024028,-0.41689573295226157,0.463254381620185,0.3375051413254423,-0.7721533755155672,-0.8120860219857777,0.24441918441249555,0.06096651692879662,-0.18888142879407388,1.7745207770817792,-0.9174072501838304,-0.45633868952714185,0.15316468647353282,-1.4035715106850932,0.3460904177709782,0.5906633309478156,0.417552490181318,0.25514442436263635,0.0070875724878091545,-0.7291397748587056,-0.8624658013282498
2025-07-29,-0.5168250977308706,1.1600112160353375,-0.30184888450274416,-0.8457135426199966,-0.3500602135271156,-0.10313479069554471,0.7717698241059768,-0.15499709790024624,0.6959808828892666,0.42195365827032427,-0.7222197020605724,0.7236687250807328,0.34874588443157295,0.4865241807397065,-0.29837387117954584,-0.23943523490810575,-0.6775232548856294,0.5312046347289321,0.08870585152643248,0.1970304483185395,-0.6884568363133627,0.30781410542819454,-0.1893010120186887,-0.01485646389124257,-0.028133065910352167,-0.13137593521877197,-1.03045363964208
2025-07-30,-0.23278679427145077,-0.8710401309323712,0.4973198654368301,-0.18072352853172868,0.432485271237175,-0.0805692796045059,0.9833915213357813,-0.767706738551843,-0.4422170080887087,0.5896629257180913,0.20293770605603717,-0.19201946343203957,0.5330084632148804,0.7865338423889505,-0.5933383823116078,-0.10252714447641681,0.17384399689281715,-0.04839550649825075,0.39003527480222544,0.33665809048500295,0.25263199603134123,-0.38203873492884743,-0.1276817707718107,-0.348509713409096,-0.6108503343163713,0.2424672664646661,0.2383822278509834
2025-07-31,0.8778610330719496,-0.5021206749571767,0.5210815461512373,0.3929007377770108,0.5031269231631608,0.6333067014102223,-1.2923865467285824,0.006461301748405035,0.07225667057844815,-0.08077696561556685,0.17794011280317337,0.8416271940599503,-0.0858818905040461,-0.6538308563303801,-0.053265563481559364,-0.043126636703693474,0.4321362106012563,0.8091169534182082,-0.4843929309142645,-16.128701606876753,0.3404300982654249,1.184245083674976,0.7729900473812515,-2.1227438623426322,-1.2011681843615534,-0.8449859991655293,-2.183932312533301
2025-08-01,-1.4846083061942892,-0.346499787445806,-0.1516751985415189,-0.6669667055542068,-0.14324703692305607,0.13435268030844522,1.0324550451285373,0.6129184295149572,-0.049898814506226685,-0.22066403635823928,-0.3863883804795061,-0.010540974963748895,0.36689346994357197,-0.33071803999626703,-0.380407412115926,0.1294383676768431,-0.06029608244959045,0.7765613085523668,-0.4018315071668976,1.3535994632074029,0.16564807360894795,0.02723376830243171,-0.6604493372649534,0.333947112436194,0.1924703591315799,0.39669746731919436,-0.6293185626731452
2025-08-04,0.4852159538923567,-0.23887111355569152,-0.45812353906931796,0.04238471200903686,-0.31064375805068956,0.444679516729167,0.26283904422635623,0.4977358657228447,-0.0163385605006634,-0.271442791226467,0.3976681275536715,-0.9460141202719128,-0.3342107451026334,-0.04185747704491305,0.5330282756600753,0.1127807733160062,0.04122171331786428,-0.07998003433554557,-0.24681469535998157,-0.27822211778811934,-0.5589669147444096,0.03828790654493067,0.19383604689709705,0.3231913791693426,0.4345175441049663,0.17435833842993465,0.3326570103767087
2025-08-05,1.6270419058837609,-0.3537701716790561,-0.3760585696808384,1.0938725414164692,-0.758685866253944,0.04435219187363129,0.9972509760423971,0.4173292447539098,-0.2973936763774704,0.2254993382575583,-0.34840139476884835,0.6901650969713806,0.22624143497036908,0.5062068666332905,-0.32545395178135794,0.12577996381580542,-0.40392325965284237,0.10679525886231006,0.6950550826128105,-0.9250471786401262,0.19844358782395866,-0.2936372138184836,-0.04680625531536978,-0.41451330472233316,-0.2064464653935265,0.3634299518380968,-0.12630389711462975
2025-08-06,-0.9121754283014993,-0.007461560868178174,0.048219070789514984,-0.05652251047632871,0.9548075840453782,-0.11352283053144996,0.43294965320187095,-0.3595093508145655,-0.41398800279452286,-0.5683138449106684,0.535872344328821,0.5220099115930614,-0.5393203685442287,-0.1486088568200858,0.11437667667149845,-0.09686188563768626,-0.044672181734037225,-0.2802096439075664,-0.14177891677419938,-0.1647485366580978,0.8314934773227045,-0.15507712487001785,0.049680373865559235,0.07074863519634655,-0.38007833813070546,0.3734306041526061,-0.8591510608827224
2025-08-07,0.30512340384387227,-0.6693622601466833,0.0690472362332436,-0.9068640135404253,0.36612610178838845,-0.19964998575005707,0.5520798198898008,0.1235334544044564,-0.3685169512759421,0.22491047060889707,-0.39932208370864175,0.08054571151646552,0.13671882623728723,0.1497361731612637,0.5257317190047783,-0.1403832638227786,0.06890215857073034,0.27018194862816247,0.22948780528606139,-0.4602009205029905,-0.13270594192419843,-0.2928302927993592,0.319881012279125,0.3815300247345189,-0.12368343934118115,-0.07136055087220233,1.642817206738951
2025-08-08,1.5659247965098806,-0.8056322133557443,0.00019908112289340751,0.184782727582801,-0.14766212527587552,-0.08963219396866405,-2.331590896588356,-0.15141575513576122,0.5393374333535048,0.10997411455076862,0.258189883442987,-0.5525376244431307,-0.002289063303389068,0.09123248860384597,0.24052784046649417,-0.14793645159412475,-0.17924704237117062,0.9411948427218164,0.08869580310788089,0.6841688257133611,-0.4437106673981122,-0.23748395171711112,-0.2526221420622629,-0.913117875141096,-0.04201763059612354,-0.05962385266228584,2.3328360761100555
2025-08-11,1.369476489514272,0.04434286426692835,-0.44570951467168546,-0.25851663954713433,-0.5522725703139778,-0.08342479105618406,-0.11619308422873248,0.8967251922165838,0.480520512966211,-0.12381563884494035,-0.3395089461644524,-0.5551364161537138,-0.14040903423993512,-0.2342810885513155,-0.05367269683594983,-0.3552918725471851,-0.05822843171065704,-1.603362303317509,-0.10304089155258911,-0.42468323627789384,-0.46471583111516346,0.47046310179912165,-0.18495531195424422,0.9993876786272722,0.22139520699713539,0.05544085026578041,2.257452574793058
2025-08-12,-0.8191282268720192,0.2152183893565251,-1.6320002710001411,1.431593776996045,-0.4537257274198444,-0.3752967690563206,0.44719503634999347,1.9385038102151606,1.17182344994753,-0.10373211460764026,0.09914808622840306,-1.2957400371709118,-0.20667687206681007,0.06522701156993875,-0.6379028914554835,-0.09678156009531641,-0.07699307506489776,-0.1859593890426841,0.16200187977322944,0.6909075161233487,0.3382227469000607,-0.5912647122334544,-0.3277463971491919,0.29598489157042684,0.2209777785463128,-0.08942735850967262,2.192419757016836
2025-08-13,0.4594626864931455,-0.19170093901344024,0.026196889330570128,-0.6755406035563096,-0.6312546348975403,-0.32440588164001055,-0.43049585909972166,0.4353174822951421,-0.29035940721648545,0.26354066142674676,-0.8928904396016111,0.1021916841386091,0.0874554752986137,0.26228355766263045,0.43890225738024163,0.1400385901563088,0.11932718168116219,0.37278923305225575,1.0153385824203742,-0.5912115854480585,-0.039297211804803334,-0.49085063685369135,-0.5549010709702825,-0.30307811713255745,0.16812282819210778,-0.03523528232379822,3.8785258008139234
2025-08-14,1.1735941193117827,-1.3293312334256098,0.7086794366120537,-0.12674300403368993,0.3123365453904207,-0.004660837363893009,-0.9089836536306841,-0.5884865941026192,-0.6180827173690678,0.49957466007050155,0.03506482261153482,0.010008262043466401,0.426601288729175,0.328340939856566,-0.3766577764064708,-0.39372433171366983,-0.49219908106459276,-0.38965548328292077,-0.424561847133788,-0.3208354946188929,0.05664492733534625,-0.6785308026559405,0.22181080574175527,1.0475285000040735,0.009103445734187088,-0.25898269046405287,2.047899092515952
2025-08-15,1.6983050851363959,0.9811645817407573,0.5543985990173776,-0.15811974702834358,-0.4296673232589491,-6.754542674927421,1.0679121843556771,0.2663228148697816,-0.7329696790430604,-0.48844952138416675,0.3397462043161036,0.7524599603487805,-0.5156813670352767,-0.3869638555759396,-0.09514129930234444,0.026411850308181245,0.5177616343145508,0.09310799530941051,-0.14929477812243086,0.38317442322981515,-0.09867101279705412,0.49452974252124726,-0.9745208377857331,-0.6008116510530607,-0.06298565539972309,-0.7506315403894203,0.7243984884828576
2025-08-18,0.3252979058354465,-0.0007894494668275881,-0.17438152449889566,0.25041395074948025,-0.05702508285879883,-0.1403476175251977,-0.06866883055622144,-0.16257659851495498,-0.4930354825023261,0.37323141799511167,-0.6935686161632652,-0.342202809666089,0.15173434228473826,0.22332959908633238,0.15588901987951692,0.02635610431560448,-0.46035356549944506,0.20779820481599853,0.4832558428953905,-0.28043783968461533,-0.42335885766973014,0.01895631065687333,-0.5151897066376478,-0.02025803507278834,0.16694630439017127,-0.11901271324492659,2.3543367210620167
2025-08-19,1.8239263218992825,-1.326006156775799,-0.030005129588135726,0.12191097157747557,-0.27114497257754555,0.04554246858009414,-0.2944350783015284,0.013131015536466895,0.22233104544021584,0.06364523900977359,1.244569485049958,-0.9267598388585261,-0.09425206948661435,0.13738113637967056,0.6794527318093553,0.18255384489641882,-0.5175102008414221,0.13171493603079243,-0.2295233402806589,-0.3061406596744959,-0.4956467617160718,0.14749936247932732,0.051365186402174745,-0.3094726659846856,0.29237968976233314,-0.28374973604502485,1.3458530070021246
2025-08-20,0.2122183207603479,-0.8274239741850731,0.04655704826554688,-0.020423863725030245,0.01872807845480326,-0.027223631537630022,0.6187564463112771,0.014552655038912593,0.4561748350588054,-0.08254156750399422,-0.04616846717258771,-0.04776436626967828,-0.19337374351601383,0.08133308987720311,-0.16885114054703854,0.030889998173431354,0.39539807406243405,0.14908170515426034,-0.20141971200814213,-0.5152608166038329,-0.17346045018994344,-0.49338415136048414,-0.28369171358403805,0.35939876797480963,0.02517829410009592,-0.2928049179575215,0.04610453848576858
2025-08-21,1.3787259081700969,2.0843463107020366,0.08545278867235329,-0.9798321568957205,-0.6376247061736499,0.021710980633105215,0.17855272038359501,0.36540546361208914,-1.0249611465769033,-0.19208835034367505,0.13545672776844198,0.544052372232617,-0.4114151163593605,0.11836258791359927,0.15209742626836043,-0.4902123654974591,0.18887523278419943,-0.44370372540708214,0.08657716385507447,-0.15494249671748211,0.15210660784569274,-0.40675917875682627,-0.3846133820157142,0.43688334300500886,-0.42730857316368653,0.26829241251306746,-1.9207231230554664
2025-08-22,1.2894555153010516,1.0180834208785143,-0.1560087543548571,0.11850576615111824,-0.8515437407811387,0.5070390529259581,0.3811910299492242,-0.2447629325578693,-0.024844099434863154,-0.06181278818894151,-0.13319458392607708,-1.0826257756299273,0.0056615344588432925,0.05010479585548595,-0.33563967906192427,0.2797516867805516,-0.41082130463785704,-0.007312173116094778,0.16196110143432985,-0.6250508199898168,0.45880242424693596,-0.13832565637108163,0.4722010304135871,-0.9581078074393058,-0.11390295300142292,-0.21308283668734854,-2.632353924488293
2025-08-26,-0.39236789070080447,-1.6143339675058108,0.7919124950308577,-0.37593925920905746,0.33639907754055454,1.1175008898047016,1.1107862440001874,0.362317347509024,0.2515291546680527,0.14848317275912598,-0.03890111711654359,0.29544438273619433,0.19296953630084357,-0.2248369283190904,-0.028288745790013614,0.12059592553174363,-0.09483757442415963,0.34315818393457087,-0.5777741584248566,0.3623959496554282,0.6574131071655318,0.7796167916844348,0.1963952278716917,-0.5030186566886363,-0.26969709313785684,0.5878450514970527,-3.7245338724278714
2025-08-27,1.346328204388368,-0.1875026029870398,-0.4468100558843018,0.0851193669010341,-0.41342489454094056,0.24036656828039754,0.21486990655305904,0.18822066795305564,0.48789742579768575,0.2640377945179101,-0.13746254988667111,1.2946687601477498,0.2045484879794799,0.14483177321394058,0.0350533303387251,-0.09277597242975417,-0.5217447946875539,0.7732714327932139,0.48173592142057614,-0.43759089840259646,-0.7226448514385937,-0.2531449089010883,-1.0559198793675832,0.21220022961313728,-1.1198821309860203,-0.17509075330116075,1.0666865165817048
2025-08-28,-0.7559662609173662,-0.9311509739676902,0.5462102268115199,0.44699600556307584,0.20307210802683692,0.2960474464815227,-1.9703230077309697,0.09327282312397173,0.07049549786633247,-0.027839011350340392,-0.313738292613898,0.7487235364134663,-0.1397082893848874,0.4961249458265511,-0.08627384053077508,-0.09238454872751418,-0.49994927741605677,0.3695532117785323,-0.17061313668131128,0.2520481953474447,-0.18882139618276034,0.09566891309190156,0.20294442728739498,-0.22641106151788515,-0.39313887606965564,0.013772678004533884,0.13420545612311674
2025-08-29,0.5128731297882212,-0.8056360735672221,1.1794600106528768,-1.0942322004763612,-0.04230198965275278,0.21570760276296003,1.5004027558509756,-0.13873720135473944,-0.8229135195872261,-0.042852775297252954,0.1699753613174235,0.6180273965540679,-0.04837822809396686,0.1517819016154926,-0.49494657385553364,0.08747371524381942,-0.46071128744875767,0.2944758682270192,0.3799985468557392,0.22829865129790705,-0.2842532378817062,-0.07456735614081689,0.5383728501263603,-0.5070373759517053,-1.1641707025434969,0.16561157900766538,-2.364899860608411
2025-09-02,-1.7203500762576622,0.6740983930559781,1.1282458742731645,-0.5519884801485683,-0.6210079627731365,0.5897833718788728,-0.38871512712419287,-0.5168360043448201,-0.5013860343949815,0.28302179092553825,1.3267445515292409,0.1516719842939076,0.5531452987745282,-2.4023517364066147,1.6732420891281952,-1.1553204008040903,-0.01389164545746083,0.943547618970825,-0.13232845449120667,0.32361664449105854,-0.2053409401996615,-0.8450890845176843,1.0038954446796826,0.5204286711304138,-0.3896895719198331,-0.40886694870734797,-3.2488947668837667
2025-09-03,0.40377784978066505,-0.5540432199885837,-0.3402536140440685,0.3564243032319641,0.3307746370782026,-0.23138451898179913,-0.0720226123576691,-0.22007093263233246,-0.18439214874030363,-0.4280224008241076,0.45580196811010604,0.8036947437763121,-0.44050493403640956,-0.11183925117082993,0.23543468800081524,-0.03838676846559065,0.3890580332969591,0.005522673663631572,-0.4602869399335233,-0.27730558176025827,-0.09997781996956033,0.154394779953326,-0.10474682683346469,0.8339365539548629,-0.03725516580256091,0.4537565885567595,-0.8122537275242967
2025-09-04,0.39785558604984866,0.3474093995067024,0.2378863175853957,0.3062326465844182,-0.28117535318365605,0.39634677348546726,-0.3760947286938271,-0.1393261372043182,-0.8377149471942882,0.1456294702467809,0.012668037610967908,-0.003852605256300698,0.26969730692912147,0.3712070629429949,-0.043550645214113226,-0.48022337515892166,0.058488028983075147,0.4032859064287163,0.5470525014471882,-0.14336071294512664,-0.038541444671935876,0.5207773050081126,0.35149041718542284,-1.8914706111791713,0.2249697606961753,0.47728349979862206,-0.16078375722431826
2025-09-05,-0.007018346290057053,-0.4975900921148967,0.04040506549008223,-0.10988323339467465,0.33192993603282694,0.4086922883108678,-0.24996039992510183,-0.15388560389522737,-0.37326952799918617,0.12574043296518278,-0.16044047312268628,0.06498391299035838,0.08302353494704251,0.07389686766184489,0.24457914064829755,0.41153573105762403,0.5501039716426347,0.5774049881251633,-0.43722975040181544,-0.11993129299368335,0.23212949930695978,-0.08167723104963677,0.4505852939110214,-0.008458539099186979,-0.09961986208597884,0.4533247429698975,0.002426627323392175
2025-09-08,0.8825311904493922,-0.4417442546793018,-0.25846126187143637,-0.2489011272276561,0.29301512329326074,-0.42578147897676555,-0.18626942544101446,-0.3259625585860898,-0.2619411759968375,-0.022522674557029998,0.3703197718232566,0.36139995102860967,-0.094356728148866,-0.29270503652347296,0.13163950456814838,-0.6961212434448538,-0.03529452907638012,0.28471211735923185,-0.037674724849784846,-0.3476483812908333,0.14075319018329002,-0.408128780780392,-0.15960948057463062,-0.5021496974664241,0.5412103956969863,-0.09862385943021869,0.584825515770894
2025-09-09,-0.2934218078471731,-0.9109948784040978,0.22514764312233626,0.274101603207879,-0.08535738700789108,0.5470036486596763,-1.8552438925631056,0.34228121908177633,0.8222459453338494,0.08007456850967151,0.11747670159898016,0.3152718018098672,0.04504197845768254,0.37509672721959064,0.00511097871423935,-0.8230688533375526,-0.007240831793024899,0.4837238281038876,-0.37918438656542464,0.4854718995929621,0.3509793592321242,-0.0064501145039069785,-0.2400527823616515,-0.23814924188992015,-0.5590688294465856,0.39341137654842057,0.06023254548049285
2025-09-10,0.670320805022648,0.5451290549286057,-0.4005837239182648,0.5959150943973882,-0.1114104792875168,0.4410077899830505,0.3856274747907205,-0.3637250254166134,0.04865083509455359,0.0221543847817115,-0.5549284751033459,-0.6702171534907317,0.015408571860617948,-0.15649934067371662,-0.33925309403846704,-0.6800841190504455,0.2806213814685185,-0.6931159302190784,-0.4119753958057833,0.15458551003175536,-0.37175502412742867,-0.25803260968120884,0.23386696709325572,0.27168727512158397,0.16914688112037468,-0.08938337518974213,-2.257964429979782
2025-09-11,-0.414088450533677,0.557317367016581,-0.03735874733895911,-0.29454875682085,-0.13103947470577942,0.46686320447692814,0.4350363695761742,0.33743994387626564,-0.519412339383805,-0.1718087869982775,0.306977785148653,-0.7599340399774702,-0.20959616785788215,0.042877255570365425,-0.3985331372516594,-0.5268214599411941,-0.8172894738812052,-0.8993793339075976,0.0709094095890459,0.28006800613885763,1.2451292464153578,-0.31610370508250574,0.06743830828819092,-0.4822442529500519,0.16711760433145434,0.0006269398939823534,-2.4907159292685086
2025-09-12,0.7556687008781382,0.28592244963362234,-0.27349606101738677,-0.4756886790397511,-0.18179782230401587,-0.6066650651070278,-0.8904229944391008,0.3060406234083297,-0.26684513541279026,0.2918055032408549,-0.5753593859657766,-0.1690023673607823,0.1282663338754477,0.18778817367880968,0.14304462852430733,-0.09485908979338023,-0.017339400820394785,-0.34742451740662095,0.16392943635512636,-0.8753401356072813,-0.34950629624309115,-0.0573522181908791,0.6952997593647845,-0.25844101178521656,-0.28444851910704794,-1.3659571884351347,-0.052211872070667006
2025-09-15,1.5274295087547047,-0.6996862135873053,1.8080697475658734,-0.42186189447519096,1.230954400379074,-0.14132627406114626,1.2308357414984166,-0.3849378055107886,-0.22951891879112785,-0.17070905059435149,-0.010328824018726146,0.8175236249155157,-0.051285193020654374,0.20534225096807607,0.32588023288177204,0.3411827397408531,1.0133516139690175,0.7830855961941816,-0.2670520166200202,0.5433767088365846,-0.2394441246237745,-0.3662945322805494,-0.025989666117606502,-0.013129233013264269,0.11046819890473197,0.3561432614797071,1.1078652206869566
2025-09-16,-1.2805217330632273,0.4106580556314052,0.1496021340104583,0.5143934892719425,0.279971689931104,-0.20346046175932245,-0.5272684069925837,-0.2314737226231992,-0.5831293543826638,-0.2726351583877321,0.22975510685112088,0.26564880473404606,-0.1970529712710546,-0.2622134238495926,0.2353720942789037,-0.11414554852844977,0.18186914782298227,0.5019879563626659,0.1833579135644549,-0.45437940856881276,0.3346415725292608,0.12755016683923284,-0.012607398547974623,-0.449738444652085,0.1205056212023142,0.1556913237532996,0.7646780593421697
2025-09-17,-2.887738899249577,-0.8233163694090713,0.5981495283759422,0.24701300445010538,0.25540518854742555,0.2947030878621916,-0.4109340418598495,0.6560060845406952,-0.305021300443866,0.14886038024016213,0.11602596381509045,0.010002967194593922,0.1653740860948446,0.07030550925195131,-0.2180947744383558,0.34485630135696266,0.10442977056817651,0.4554911550166807,-0.11552142232115714,0.15742712350719612,-0.050790946498469935,0.8575411916230293,-0.0022693184095123886,-0.18964723049375576,0.07667121351535572,-0.028041175122187262,0.1861341402385266
2025-09-18,0.0378123126448196,-0.16857089005948644,0.31657703073049015,-0.18155826734364267,0.008164967715023286,0.38953697722585423,0.5895020857841407,0.3238144116353492,-0.2085290197541868,0.09649870732524812,0.13982834804339853,-1.11873846559116,0.05938773469191838,-0.0749202790413076,0.10080525501963489,0.22922110396724654,-0.2876090745826734,-1.1163545811928952,0.1616990306570946,0.017111571774362788,0.48255480746563006,0.10491590887797375,-0.1823996616304988,1.17277681244865,-0.04554549103047539,-0.16078216139247165,0.13961690221762968
2025-09-19,-2.0509531415388116,-0.15801343282014535,0.5158499400530122,0.051880535432623776,0.15866355989100173,0.344892080364766,0.5231871429385359,-0.24075426520230048,0.5160955135954879,0.28674294138750683,0.025685011048645845,-0.14728563142822143,0.19741374403902134,-0.11394883898219799,0.021168834444124318,0.12452848827457245,0.18933646707302143,-0.057208512003458,0.42070266630054776,0.4709204485632879,-0.2585139968094186,0.04339030441668499,-0.4999337030774358,0.2114507492522102,-0.13689060199023953,0.02649444015646915,0.7087472087679467
2025-09-22,0.3444825030604348,-0.5275061675655188,0.3310085724754762,-0.3058183885383582,0.03741224287617795,0.6185988084859477,1.3441925712751521,-0.28805959765442646,-0.49104172493208165,0.22697890928966968,-0.07397250878685269,-0.3704420559642684,0.23503659072323502,0.3286755388025355,0.18799514548510676,0.24971414316228976,0.2154807848902779,0.9223680561205776,0.7324962477728114,-0.006379886033359913,-0.7368890819897281,-0.10481406195785084,0.08784799788874854,-0.3149895584913505,-0.17795392191571857,-0.03327480932639279,0.19507787679171873
2025-09-23,-2.4217055747692577,-0.22610291815020278,0.2084145664341409,-0.14791843727548218,0.5169271904655136,0.7624923303541733,-0.4512125391345443,-0.35431287949605983,1.1010299403347101,-0.026819299727150803,0.4087254018888463,0.5395112374757705,-0.22361167968053913,-0.10691604509608427,0.012534483471371427,-0.2658483302485092,-0.23727646512329753,-0.07023956955589594,-0.6789142926610012,-0.4575299898130343,-0.6227832650397203,-0.010607525261241313,-0.47551087273737475,2.0810341883378225,-0.36001254583674247,-0.5812926275538963,0.20232229982352568
2025-09-24,1.9652607597552505,-0.31741214117166316,-0.1882689849220917,-0.7355942345691506,-0.37939870016122823,-0.5935869107892333,-0.781371149830599,-0.3005623815075778,-0.32600193567335306,0.1434905916877267,-0.42291130248005787,-0.27044443892211656,0.10344565824253982,-0.30652808776572393,0.08616737946073161,-0.16055602753544035,-0.010551054686018635,-0.9960084228651145,-0.33003906785655623,1.9788713624166419,-0.17624521318701925,-0.30411798500131476,0.5625336702892776,-0.8350840324438802,0.9616437182556998,0.165843667304179,-0.1620910807993381
2025-09-25,0.14595717935160396,0.2053606382665224,-0.30741329879837054,-0.3810909340636376,0.02369344890931202,0.46464369181670545,-0.5019867505709724,-0.20516035119997364,0.10058340407487992,-0.32278601931418366,0.4138800563209475,0.6139385554826109,-0.3572683323118721,-0.4939524459929171,0.4708217507197253,0.02458504576373384,0.02441254949315752,-0.7384380191167519,0.28263154776015176,-1.0494105381957488,0.10742009163421445,-0.48707961565381447,-0.2428413936774657,1.0366890428548237,-0.5634347848551667,-0.22715372820669721,0.32760600303149534
2025-09-26,0.6496268001631553,-0.18534988744244596,-0.3861968016723851,0.013675984028452007,-0.5915434013812909,0.7818060780077579,0.0494196219288837,0.20039846437727832,0.291744611460893,0.09513186038022536,0.19840243305331273,-0.3859207243382944,0.0462795818737583,0.38346384343162676,-0.23907869365482914,-0.12402743088910817,-0.035687884479762025,-0.2182600087894493,0.6197363942929337,-0.2800971356027495,-0.3871865542940942,-0.6089028374568052,-1.120354353134923,0.8245451680873264,-1.0908951874223622,-0.5774084911651965,0.30005733226275755
2025-09-29,-0.8429635493245319,-0.6017062878135225,0.033163921007561284,-0.8915171986816544,0.5366611928760794,-0.45847930507259677,-0.2144242305633232,-0.2653911628215264,0.7378060289476422,-0.42380346179373984,-1.2838117252006707,3.399760037735741,-0.35993386178909126,0.12199735356107644,-0.36100616578293176,1.3227240215885656,-0.05043473681761264,0.3265940820493187,0.10277707575091921,1.836054193179666,0.07071392726223458,-0.4222460004026955,0.5902629607129624,0.23516116332589077,-0.32857519788996037,0.08186354521319689,-0.7990957221022129
2025-10-09,0.29385795710193807,1.469114292816562,-0.4278763561318051,-1.1656321873223063,-1.8411695786574582,-1.7551102743054945,1.1013632253164964,0.7440596260133077,0.6221290909131921,-1.1106029737542715,-0.6951460279857901,-0.05155536723090716,-0.4153900589859463,-1.3836618895014006,-0.7100341763121951,-0.7563218532271316,-1.3293880904742295,2.0979654014147937,-1.1669092900656661,2.25649509799767,2.472039042008902,-0.46563684583261494,1.1253990019415014,-0.2606953747944153,0.6108290238763837,0.24543548534244627,-0.08327534492277787
2025-10-10,-0.1437861679176059,-0.34239675988803464,-0.13616293708234273,2.194904366170377,-0.27353624230055973,0.3575881500815399,1.2744538069558098,-0.28593566398857595,-0.3344954659313635,-0.27846517335163856,0.9221009080791798,-0.7062543339125578,-0.36578470513397665,-0.3278879823772267,-0.20545948351131482,0.26451488766928355,0.33664991801767014,0.8508997285550131,0.4608814105156237,-2.314325650475082,-0.4606160521164151,0.1431411734472844,1.0043837508644067,-0.6959304521650616,0.22144044527934964,0.19413931340482804,0.02251354907489135
2025-10-13,0.9397517066201013,0.4629834177254315,-0.3851733300577826,-0.5509321231288722,-0.23324059266951985,0.16425288700286558,0.6658212709445669,-0.16764504619856108,-1.7987263829331088,0.07636432146784189,-1.7331620111656003,0.09612224776358803,0.025327739936639282,0.32879725220627526,0.6220614854800344,-0.14814181417980382,0.12478232013186935,1.660539581855625,1.738895605175327,2.311766224314999,-0.2801211648545968,-1.1879474929306124,1.6327299802681816,0.7516603224463183,-0.356719600608608,-0.08538644927898452,-1.8705594337371525
2025-10-14,1.7116409295355914,-0.037036578231962186,-0.22390542631489202,0.28366586201668487,0.24507331732818705,0.13888616588869274,0.726862333332597,-0.24820322785751722,0.9442609727168572,0.22864523869200515,-0.3429654519703911,-0.48067061699245983,0.33811898498881937,0.4767566007382291,-0.13084230956535914,-0.15830657448121802,0.6701587737813135,0.9777188172962613,0.40158973399374165,-0.771281943863078,-0.5560440103616546,0.7222001634432278,-4.0451332831299425,0.09328983694859444,-0.17122846920946683,-0.21925676972290725,0.903535827573856
2025-10-15,-0.5557103583495445,1.201687525937165,0.5290164864517984,0.34894059661387866,-0.06493398146167555,-4.816033849732635,0.4219911789530797,0.06873042180259298,-0.6218850846894138,-0.15575101884491765,-0.1750606492217752,0.3298542020826435,-0.17429357656586356,0.2550498459860455,-0.30566801631143725,0.8588539463006559,0.19370320571705069,-0.04988200225553463,-0.07901609142387289,-0.03108309500450332,0.36072479340618185,0.3561438304504923,0.4685154139984398,-0.26139805256182624,-0.2748717541005819,-0.541417861353282,0.4577732190940411
2025-10-16,-0.4621566743163476,-0.04919787530874861,0.4131396838527631,-0.18212924290958288,-0.24102263028340035,-0.37911568603256063,0.5574654837098508,0.07933123886732174,0.09491867477593346,-0.18111676634475005,0.5374102398300722,-0.37446333327468817,-0.16441107714213427,-0.037811597220923754,-0.0083011550627623,-0.3922014377982349,0.027365300265395298,1.0198976863087088,0.5420439819480847,-0.9065932723659841,0.8293455232830131,-0.2991772548570362,0.141388392256652,1.03536679942256,-0.037933776632765745,-0.18113340093894867,1.3742464930149807
2025-10-17,0.6990337005626879,0.2612513357987388,-0.20964206641250674,0.5902528605764796,0.17353145258508235,-0.2953739683782964,-1.2734948871678768,0.44559489539488095,-0.8469791069719392,0.2415422416673914,-0.4309539098578914,0.3305387679479246,0.24509267479288052,0.6389427687265695,0.5201728132024551,-0.40430827858098106,0.060752244127237454,-0.6780745341503582,-1.8825501299964356,0.23127198577987307,0.12206703544456327,0.0184709223553971,-0.3528588313232268,-3.2105775430405235,0.20898367792410472,0.24611960694984528,2.1723468723172257
2025-10-20,0.4690834445901607,-0.2231705800433907,-0.20865510526449965,-0.5082954614609454,-0.3662031919983757,-0.3544786129927905,0.36421695564832846,0.37911839038224016,0.5124804148165071,-0.23828225089175542,0.31821142694163634,2.996788601698627,-0.05211834613704634,-0.03973445931740205,0.2476664228004419,0.2381018113119101,-0.12836545573428904,2.2672515654831615,0.033099792577390375,-0.23559036088766394,-1.0293929153952195,-0.7272169281369861,0.13433747869363355,-0.12992812053375302,-0.3189089325304303,0.1498446051855478,0.06829360097693549
2025-10-21,1.3064218790458586,-0.6043393658828187,-0.39488320887685086,0.42625533708121405,-0.23472523541872592,0.3740145404986265,0.5482277667595631,0.11109149590440609,-1.3153977639031695,0.21812577198469815,0.33368998112383275,0.2446498057865405,0.4027782995611756,0.05742569773721523,0.2281495188474083,0.035486916210411154,0.0061557213042613395,-4.4217717614780865,-2.5305986225380046,-0.33626133493240196,0.4535232509595858,0.294674020576725,0.9250664840086769,-3.3450789362410394,0.336997627691723,0.4237410311479959,-0.6421029939829648
2025-10-22,0.6077863815801838,-0.9465438320169443,0.49720419059793197,-0.8754416447682573,0.33820535966062343,-0.28535153336308755,-1.5668062480519434,0.17848223319791146,-0.7186484101711011,-0.1065406143435812,0.1767325713314265,-0.2525342068036545,-0.4329582503714771,-0.028605974400753853,-0.0888318781447901,-0.3058843564919561,0.11966143501933835,-1.2667993324795261,-0.2654278674012392,-0.03447488476336763,0.4087600305361533,-0.30902598251403435,1.0152869001007236,0.84744404655218,-0.06875076015855958,0.009525090836945332,0.4489550576097414
2025-10-23,-1.5374710882099225,0.06192957010687117,0.11340980147949853,-0.4600920666565682,0.5633581670654255,-0.30737482881657974,0.11137888168225163,-0.026910352270153703,0.14529892423987745,0.1933874106282687,1.421946366908633,-0.9903788175491238,0.16285664233885355,-0.3904346234905718,0.851646206489233,-0.22689101952252372,-0.2702992131931667,1.19038822952254,0.11616899455800489,0.4958284326816247,0.7616928772459424,-0.20930043720298785,-1.4577294612536091,0.7215656320744674,-0.1625767672565191,-0.6192180043544873,1.8991142179133118
2025-10-24,-0.4808553103647143,-0.3152274002838723,0.04317102366942127,0.35276414142256957,0.8175043326134108,0.1978986826878309,-1.9125794771233646,0.399303716181478,-0.6863869097550044,-0.029476641954126068,0.6292443115318034,-0.34842996709102464,-0.1937012031294777,-0.1389812793660361,-0.008376518295636905,-0.08885994632920283,0.1764688375223899,-0.21349902622414357,-0.07635852534586401,0.23459901152135135,-0.09244667396260961,0.07603790348433427,0.26429686331080543,0.23279001706371333,-0.06954260786440064,0.09439223927726079,1.2434983762946712
2025-10-27,-1.4158780735522305,0.1280892016382703,0.17690016715487622,0.19061285610014866,0.9114924282940591,-0.4146164139527202,-1.8501999857646148,1.11163394534176,-1.782347528834196,-0.5003854867261297,0.8141466050767806,0.6435498775436717,-0.37581778289810036,-0.20530713518295185,0.1497600342112747,0.0028215055659461877,-0.21794353595633037,-1.6985260419428019,-0.906572116877101,0.9087794943852132,0.6814799385746193,-0.18613166891449473,0.8898799491286131,0.43540182834406227,0.2282885868303674,0.4411694082363631,1.390323584042099
2025-10-28,-0.39671344504958533,-0.6711999383927714,0.05732060912232295,0.4355540663780016,0.19410644795378618,-0.34326574509356783,-0.5636136968832062,0.4219320014330037,-0.46763261015276175,0.10810124799013654,-0.8542091706462054,-0.5116157627474354,0.06570253332871312,0.7054563669429965,-0.022872510287421544,0.18710366463279543,-0.3762344550263914,-1.037696412499499,0.6621580189655376,0.21652363117470752,0.587549335747555,0.1731994398743552,0.09140173146478778,0.07630309929618498,0.16645206267569373,0.25290511569782165,0.9396914371303655
2025-10-29,-0.008269614024582705,-0.5676485348369217,0.0626953820309688,0.40711898273885017,0.07962526295987343,-0.14665437189402145,1.1106747269414796,-0.21787325018864576,-0.1093952679681107,-0.39516527794869016,-0.12814484101494383,0.11608107571682466,-0.5062247253329478,0.25344790163807895,-0.07631396949262592,-0.25964233849419394,-0.19775984512773068,-0.1410274543225471,0.04923634803861876,0.4044147973979788,-0.7269138108591735,-0.454681170467824,-0.2027548741496792,-0.22934792385446923,2.0223005014016127,0.14591095885772526,0.42949036825069653
2025-10-30,0.40370185693178395,-0.5915521879259731,-0.27931065889469775,-0.6032837738747898,-0.5493779427330852,0.06440517100853187,1.408921516979806,0.866199578576192,0.08369728701877588,-0.1962952606027983,0.13145503933760266,3.784990201438508,-0.24660078644516747,0.2750303482022254,0.3421679317123235,-0.04258537403647687,-0.008354552126664166,0.9093951137731229,0.9862422506643813,-2.0720135897226664,-0.41879617738448105,-0.32753639986751815,-0.7032154892708671,0.9261601419421499,-0.005353153989361953,0.29664626841143854,1.1575320906584134
2025-10-31,-0.11862487547782104,-1.4180026087094744,-0.20117642791934034,0.2829386235826124,0.7792912347070469,-0.014366841515852435,0.26737240949985397,0.2242666822478605,0.3308594710729795,0.10948971376434552,-0.171444363711738,0.9759451221987265,0.2841607108605757,-0.11263773127649335,-0.42428780030977054,0.027458025272844397,-0.6590507072466326,0.24283590462441407,0.2015503914623471,-0.03914075796127639,0.611062227710147,0.07333548576765549,0.5804772278048561,-0.7700167883024094,0.20624013092565008,-0.2942070737938144,-0.8471294560568342
2025-11-03,1.0771000963345827,0.7844640896981054,-0.5553219401114872,-0.24912375031884934,-0.14697157829244167,-0.4686997333413266,-1.6012544244191047,0.3190448395585439,0.2871595277666149,-0.0343394134549366,0.330861703785828,0.8176870515894988,0.13583090882269466,-1.1161673906191882,-0.33429517530290065,2.1561838395642154,-0.9174972846526761,0.2821596989684233,-0.4568734949963651,-0.6650454804786193,0.15374503136030954,-0.6158860379334439,1.3655248182140278,-0.0282543825964178,-0.1915417799920333,-0.12068249618090049,-0.07907903264426873
2025-11-04,0.4236194269001421,0.20441323351522284,0.21162534696541546,0.20411339813714574,1.0549107115650718,0.09852833180889664,-1.0440303350187965,-0.06269137363442456,-0.8279308488470372,-0.22837574615202283,0.12332614665511346,0.3821563452125125,-0.2187151539172737,0.15137909487040313,0.7244977774637806,0.33732311689384337,-0.9909836251521036,-0.5415813559105884,0.07588200510456744,-0.5748541807875436,-0.2639046352589418,0.7718355145170283,1.3484771527415556,-0.17521153449294813,-0.2477220023181646,-1.627751995478954,-1.9114105272172215
2025-11-05,0.6780815349593363,-0.001328811926485568,0.019336642002639848,-0.02897360913856975,-0.17195647630245503,0.552987406315762,-2.263297036382444,0.38384523877548116,-0.6055590404408924,-0.6051201579486715,1.619659618286921,-0.39376135906044774,-0.5455259249101736,-0.14464094449891066,-0.21913373897187546,-0.3510135998915188,0.2588578277647215,-0.028730109179005536,-0.06713706201007219,0.462976684488951,-0.3260767594136734,-0.09389867424532275,-1.3485421564591298,-0.2206782744113338,-0.4615220712609156,0.544997793747411,0.40943981264567686
2025-11-06,-1.2710317690442627,0.33463262895486917,0.3616599571130612,-0.19630798481353284,-0.5223611865368536,-0.35750167939948607,-0.5015211567494691,-0.655983514360784,0.8492829720186028,-0.360821740571095,0.8638534656122103,0.797391018172629,-0.40478856141141534,0.6213117019437658,0.7422599975650452,0.11835785840572682,0.0722867882819821,0.13847800443351121,0.07346851099930779,-0.0268975134091326,-0.10831520375793552,0.29235129873684534,0.1678517977908369,-0.775592577502598,0.06781909496449082,0.2897573650548744,0.16431101714110685
2025-11-07,0.9800192820964233,0.2178094968545909,-0.3731206659285435,-0.9788638329064264,-0.40060971664834055,-0.041058751202850435,0.6703283739786587,0.38805387664890556,-0.4285087033310833,0.5245213840084599,-0.49059922375598297,-0.3108181258781374,0.45864584333462466,-0.1383601474961288,0.1259864131697916,0.019550887461879107,-0.09404380526904521,0.19516866744750944,-0.058129624698913085,-0.5883603522694771,-0.18103349454019224,-0.3557762790430375,0.14205940270375583,0.16077561531965695,0.07625858242247413,0.03523977444366547,0.8501085170559026
2025-11-10,0.2058682950091476,0.4600943067847405,-0.268794720993525,0.0834740942804515,0.2943529659443861,1.0962138419163148,2.167487058275227,0.2076472521197682,-0.005388311618329256,0.18553090779113462,-0.6818721778890121,-0.005792838531300415,0.12374714503823042,0.5661899321950751,0.4457390071996716,-0.33007869980392024,-0.5989136854655608,1.5467434675751757,1.0582368339376673,0.8329675230697018,-0.47674427196581587,-0.9442262444252815,-0.7431199997572884,0.6052764905741472,0.2058415186101988,0.05891869560674759,2.018852844395331
2025-11-11,0.7603283732553646,0.18170734592162885,0.05481741481639102,-0.6354024601186323,-0.47829181295582274,-0.27314356480979896,-0.608552641335263,-0.4981135133077053,0.11119268186001052,-0.3077748800424077,1.0191383491425485,1.018052697334706,-0.4203887101984155,-0.1383636638091441,0.09675250943187375,-0.8552794421314864,-0.13028861458834315,0.14253765206054944,0.6538039547083502,-0.7975182088220938,-0.19902863680536234,-0.31698115056634557,-0.7773717196576199,-0.014522155669838457,0.06173422938613861,-0.008565117895146888,2.138395200506838
2025-11-12,-2.153234121508364,-0.3312475808262726,0.4310241586984961,-0.404319903628939,0.09366894392844982,-0.5632350457453764,-0.4568748479571999,0.6045786662328216,0.9455811562072541,-0.6689404940684931,0.6148258512401905,0.2960389742622299,-0.6843101454943998,-0.2543964554639013,-0.6857099071802051,0.7822932300827671,0.13569452000900473,0.9418694609803824,1.5364149760089503,0.33079874675236687,0.32969084474032373,-0.1994329659962235,0.5953436744272627,0.18303119987112537,-0.04062023719079777,-0.20003404869838623,0.22547034476733518
2025-11-13,-0.21966072710365958,-0.5537104847158341,0.4002205356204932,-0.24535619208966403,-0.2738392330482977,-1.2746803400508293,-2.2255562344267976,0.4011461134309102,-0.15467782983847927,0.7820493986103243,-2.9644076126879972,0.5569331180639767,0.6023017976975616,0.5548225557468,0.2939068304004133,0.11841591943434304,0.08757527304931845,-0.04175728819410457,0.26176927160786356,0.39831741722463093,0.4451716963283039,0.039860706342138036,0.04233762178373557,-0.029781526310451056,0.06034674252007317,0.04917786986426445,1.9876546857062114
2025-11-14,0.13217871798075737,-0.008740298718922374,-1.3095309717282038,-0.3655432215278273,-0.7186764802184349,0.28511406786021865,-0.11962595186778269,-0.9749419682508123,1.7514294723122996,0.3614111170514299,1.0444102685774954,-0.5399074093806306,0.4248691969304045,0.5146471779080911,0.5759134878336587,0.31743862406877066,-1.0760833832554937,-1.1895963359718866,-1.5786256348263459,-0.1641235125144409,-0.8554496041647395,0.13714655033885986,0.49132374892047176,-0.7693679295600118,0.35428116972182105,0.2168429162482886,-0.1851899817135303
2025-11-17,0.038253808258184696,0.5445402868271858,-0.7044263293854328,-0.27951173589185746,0.2024456835167492,-0.20943902493087282,0.6097190719490687,1.732474764119798,-0.8707989648928002,0.0033270562601000475,0.07870415243556643,-1.228910624852096,-0.05988363890703592,-0.24566010732026983,0.335389379126154,-0.11642035907499484,-0.09411418807132,0.05460808220587243,0.6144312221079644,-0.29694724015465845,-1.0021930011127584,-0.4433738420048715,-1.2706201818044767,0.3320194065599514,0.15911239142153571,-0.4330879287677012,2.364336337616934
2025-11-18,1.318934330811794,0.7815149060368356,-0.11255836605699004,0.024902728258546863,-0.5751762899477009,-0.10261509021401255,-0.33224448759943076,-0.5988241418685435,-0.4393769265782806,-0.722898934094875,0.9172819165851738,-0.07864829434017341,-0.6300551186478069,-0.8114138903863155,1.2657664953903085,0.17448686677983205,-0.273584931210696,0.03819350435644753,-0.018965594257070784,-0.38336839890147123,-0.23006651701216285,0.40245184939549533,-1.336318000112341,0.07940387151687237,-0.08545380039230382,0.07920267243347884,1.27095255214073
2025-11-19,-0.7793437926789255,-0.5110572846415327,0.017918627799202724,0.12760586228085524,-0.03480157287248131,0.27479874830753076,-1.3694441652710418,-0.126069671477532,0.3861670546491385,0.05780579279546216,0.18525176685972566,0.9649856965226635,0.15818346385816373,-0.4186916429005054,-0.08279676930816582,-0.03182778783112786,-0.11414546469598169,0.26388278988781283,0.3378011296193337,0.5349682473217066,0.489858481130897,-0.17538293953132184,-0.07605466584654566,0.10961938893943997,-0.012630065648915015,0.5018161756930889,1.3560772018032017
2025-11-20,0.5252656279850194,0.11529296729843952,0.2674798709839757,-0.23856159184697723,-0.24523174959003136,0.11526314859146841,-0.7716501413789467,-0.16089774660403022,0.24417857878101135,0.7717117081019367,-0.3816487075873234,-0.4095159731938381,0.6176581609490785,0.3588307575605946,-0.7947936450605757,0.18439238345241366,-0.32154487382360325,0.1704027087035329,0.25227071377891186,-0.3887444140518467,0.5640966616085432,-0.2534002597902869,0.9014003966425718,-0.6951888787086351,0.3428337355135342,0.21495772572230415,0.6231554601578544
2025-11-21,-0.6857158292992782,-0.22802946187754508,-0.1718033289534569,-0.06976527991674941,0.4806507057959427,-0.6749446026888829,0.05602439484647789,0.20474985485583294,0.6067034643613709,0.6098319249055782,-1.1541362232427375,0.803144977226631,0.40063474193311444,0.3413131528956137,-0.14326448961189264,0.16323367745914982,0.18188725052878427,0.21824715209037915,-0.5759695327725509,0.999353563525661,-0.4503818427722367,0.05991285025100865,-0.15546359014191868,0.2935408611727617,0.0009439544353910118,-0.00884042610196191,-0.9805924537858817
2025-11-24,0.7065971325623865,-0.03783704990385846,-0.11668843445487576,0.1136623753920711,-0.26440849911645403,0.3716536659238055,-2.404537751586473,-0.012168866984742385,0.20295687757508113,0.472257168777424,-0.7766317777025386,-0.138642233124596,0.46355510772686187,0.3595035485861862,-0.789237166686281,0.04133435767242234,1.214045578406801,-0.4185260896807892,-0.3247268722344429,-0.9440831686371522,0.4397092090610448,0.5097668104630332,0.13639129036862796,0.3906944600925881,-0.48270308198256406,0.04779833805952814,-0.6009411481050604
2025-11-25,0.43055290981008854,0.02343752343577471,-0.4144374087808979,0.7794740448810541,0.19053533822884616,0.09877702564494595,-0.09238646908842822,-0.24659684442701763,0.06045190021008234,0.17676960570356537,-0.3437509434314857,-0.44050075136921074,0.1899804729026755,-0.032099761640777214,-0.14993014794055548,0.16966517841434298,-0.006206641420520877,0.3096516113946741,-0.137456893302477,0.22161942671031898,-0.4865104115552246,0.24738584637908495,-0.34337808052024593,-0.1374600433366998,-0.08025562739025414,-0.08788357670132602,-0.022962406977650382
2025-11-26,-0.9027085688472843,-0.01976447974288653,0.5067083760955065,-0.2915303870398021,-0.07619642476977023,0.44143903152347685,1.1320469643218705,-0.36739058738613944,0.34563186891233677,0.25618007121576913,-1.2922799330323913,0.5372677259355431,0.23837916253570707,0.546593494715802,-0.5806704154170172,0.004940121564922894,0.3378946094710329,-0.3606604297278221,0.9888774576983148,0.14688717567956178,0.6488117187358462,-1.274091482823565,0.7177929847931233,-0.32795543645936664,2.9454500635361422,0.361120316556534,1.7304690705210186
2025-11-28,-0.40262603431597677,0.48096814686965983,0.08975117433271074,-0.3539847609811384,-0.28090693064934114,-0.0025484153180538455,1.5773478870038544,-0.19043889540310738,-0.08109244508899766,-0.3612162194199604,0.6967462998635123,1.5161079400595276,-0.44765364912017497,-0.056937251275137435,-0.1891031124312441,-0.09750714199354407,0.6442398761732724,-0.32617299806292843,1.868319344918984,-0.1605680862405352,-0.7753936497305183,-0.9910802646880749,-0.2900178055040714,1.8930452886203417,-0.056263328259080786,-0.07983748720891291,0.10481573198771789
2025-12-01,-0.20374365062887825,0.4185287483199145,-0.029021628545765843,-0.1653315326989807,0.3436918115264057,-0.40163675588694436,-0.6819481917442326,-0.401847418620769,-1.3816811550485728,0.006990926010826407,0.2576915423300053,0.15367396542219736,0.4422799759064692,-0.4389602401906278,0.19822657304979677,-1.0118717823859373,-0.04620195278753565,-0.060134405566311,1.3575419359481251,-0.2826113743564562,-0.03574424480278604,-0.3714134298980214,0.7566665632060965,-0.8364763544224422,-0.3477808011521464,-0.5640048674047328,1.3185613501964637
2025-12-02,-0.6947046748911375,0.21508920774905144,0.1168184258119157,-0.0030018132667709307,0.05298956753618489,0.02501934855877541,1.5201467510203357,-0.552495810712601,0.5269499132125396,-0.06113976588260622,0.028245072065149035,-0.3341121515352443,-0.008126504751461483,-0.38850380816118035,-0.09583118831189791,0.2527824321682639,0.7000488722663311,-0.4532892069046386,0.5359532679426963,-0.09360551311380627,-0.2559864472568689,0.1917685736902966,-0.6674235471109491,0.00412261034646666,0.06138011783820416,-0.009387802967684822,-0.15775458212160753
2025-12-03,-0.030179466026955037,-0.7570162974759131,-0.13319667164546756,0.04155484002715007,0.5036762653331059,-0.03680826032180479,0.09352464530196355,0.0419176027310888,0.1452418948904669,0.37704964741046854,-1.0701396391322755,0.7136321736552703,0.39928931976533893,0.13344631558517545,0.05134023738417129,-0.05147386974627989,-0.8835594181747127,-0.032545368695528376,-0.33462237219422963,1.6028290417278184,0.4467546003738929,-0.15386866743557165,-0.8387391144746263,0.12448726144198524,0.24029094989467964,0.43776981987575986,-0.10156629677080796
2025-12-04,0.5712870492077772,-0.2196750087298063,0.27261249379170716,-0.5646649430244166,0.25369484081784766,0.13388565128210328,0.7973797346199051,-0.31508520462648604,-0.5248229651321596,0.08881535395181839,-0.12076459629865409,0.26685003725287293,0.14750870973912228,-0.1857977866590024,-0.20220314493079827,-0.04337631339216415,-0.20367034119894126,0.581938081071429,-0.832114623508099,-0.2926588734815124,0.01870146618364385,0.009571021734058056,0.8818913067397784,0.08759738336830857,-0.017817986769637355,-0.022610705635985415,-2.079001891649497
2025-12-05,-0.6034949247674413,-0.17957777377520517,0.3282085357725223,-0.3121162397596341,-0.11738829395634365,0.11455925916206736,1.791131152828675,-0.6461897587962141,-0.18010486325482816,-0.30374592610057627,0.5028707501224523,0.9039071213951964,-0.3485507002229431,-0.41827288663196416,0.4549938899440684,0.5388620292683733,-0.4882186444411226,-0.2501315183728926,1.2027576113373977,0.5217314534554247,-0.7452571834990918,-0.40622996738504163,-0.364163861431159,-0.4579735314570452,0.09401771780997654,-0.43195993197756233,-0.14689156110548662
2025-12-08,-0.9135182558918717,0.05820229350098982,0.4300868419470773,0.09950904317124187,0.1446218265127017,0.33369030275791706,-0.0583313656200173,-0.17466125090651918,0.13534736050772395,0.25941464582044726,-0.21127104383876194,-1.567704268949914,0.2362273149921177,0.007350538930407935,-0.13802502302368258,0.3374781663763667,-0.7770613579322527,-0.37790765854765473,-0.15458688987332736,0.2669414328908092,0.016312747033605357,0.08614703902754711,1.0987852021126772,0.4966627429681398,0.2720308130476267,-0.19328553631111053,0.25591806487039587
2025-12-09,-0.2589729605916663,-0.03348939406634299,0.3688595531165372,1.9527952858484234,-0.34803315174205207,0.45116239989950246,0.0904928588430785,-0.4163866701798562,-0.6104364619529632,0.2836101398712852,-0.6199406851178861,-1.2598922118303522,0.17110665540345177,0.393349146672467,-0.08783197488307837,-0.011254898993840162,0.0024578946661218404,-0.6408714253365455,1.2151209006576273,-1.5092511209950192,-0.7067117261386827,-0.10623276079493016,-0.19959948718995513,0.7100375660800347,-0.06154349334808433,-0.40625486924453647,0.30313597177005125
2025-12-10,0.680249938656945,0.09222898948010642,-0.7062710708862455,0.171769530819171,-0.29362865893318646,-0.15450486007776215,-0.18965222545119603,0.3115886682054324,0.6815171747015533,0.007481776857352684,0.12569203514741212,0.015197408357078515,-0.0126282540064689,-0.2982854861089445,0.08653679440551076,-0.28454632330390944,-0.1464762972469691,0.2918451378172658,0.660252954081592,0.40341982196472226,0.15901235421882648,-0.2938280835106669,-0.3517359510614612,-1.467733071080253,-0.12007029713021244,-0.19050847588767877,-0.16954158689045595
2025-12-11,0.17506588175879045,-0.47549917815476955,-0.05278493055888814,-0.42089265964238554,-0.24758160665619044,0.1516179083925091,0.9694972658376124,0.016491249631135213,-0.5472295803996379,-0.3572032361478801,0.09572344175818821,-2.066055405744874,-0.18261238709236188,-0.07785614307453553,-0.4545846558550256,-0.15445613364950156,-0.08511876927570139,0.8506182420118247,1.7323063450886296,0.9381180812847751,0.0779205746685595,-0.8912937818857081,1.5928970427382945,1.085518836492064,0.04949059612489914,0.08587176696256729,1.8550920116759075
2025-12-12,-0.27972917912454953,-0.12695713150585286,0.3036699294287648,0.5604180132124137,-0.9833376784939989,0.487080842959606,0.21394260059143613,-0.12869975836702685,1.446105390036538,0.5173449607486021,-0.9077288083173898,-0.36593233068363995,0.4622463370371985,0.2325557130760385,0.04099942630593689,-0.10115790053501185,0.3460336638812658,0.730712810121185,-1.6202362045054208,-0.6667109210476929,0.1685739612129189,0.9949407399019126,-1.8513913549306906,2.3426108382731003,-0.08417965715195824,0.39461552983372916,0.8152098481920873
2025-12-15,-1.1581671051006532,-0.35252422367608927,0.6801389468241308,0.19484923820012623,0.9306445762558537,0.3329614925779111,0.6303607904160482,-0.5506634024774835,-0.4887557871437309,0.051741764073424734,-0.019147977148246453,-0.4357642321151328,0.052820596832185096,0.08786915346199231,0.13101688625949803,0.08871711363667303,1.5570724373703895,-0.6506168322216607,0.6062390030696783,0.8161551856278998,-0.2199744379834624,-0.6665074377831133,-2.5266385244349525,1.261274762809232,-0.28379558270241906,-0.5982177364650716,1.313728439302023
2025-12-16,-0.6459280923446061,-0.682276825226692,0.26884697213255754,-0.3381629060363278,-0.014105420477658392,0.5496280100592497,0.2737941613095339,0.18050396306714878,-0.05726549196645753,0.0001452293893675627,-0.14115496067514244,-0.5611082898158666,0.08114430413073814,-0.16443509869517636,0.07785507710488093,0.1902761367521268,0.15958670813229703,-0.6046274440432828,-0.5504138056547805,-0.4654830821405751,1.0753968332329522,0.10231765552882305,-0.31281758845434166,1.7045957949889485,-0.045850625833532103,0.24862921724180087,0.5451614489786867
2025-12-17,-3.519601636183991,-0.016451056287316163,0.5477823201395948,0.10033566534017302,0.3105475111795408,-0.6001121050823705,-0.2223141151344898,-0.4131406576123929,-0.20361676741635618,0.1376461002240017,0.07287390689811846,0.9230162137969199,0.008369325069865707,0.03970412606284579,0.07854190795782862,-0.11337970370435897,0.614818613613686,-0.4038248579240584,1.5793040330971584,0.1991844212909355,0.17631768329865904,-0.2140742636214446,0.10398321311922898,0.5702702960054198,-0.31542127077843835,0.12694037372989123,0.2149533436152966
2025-12-18,-0.8089202284391971,-0.5743373984879222,0.5069507953513958,0.04168855185058212,0.9259156971157263,0.23484799823691593,-0.8838384578739856,-0.4401656039082233,-0.9651089794564014,0.20977220109506262,0.011456494982583443,-0.8805158994390221,0.16169152238061135,0.145860950954472,-0.25958761836168615,-0.09524287038193695,0.6559177482921301,0.2216491293878449,-0.9455271610568163,0.01746545990406345,0.3233308905783636,0.6411347654626722,-0.41488512600912736,1.053974052016339,0.1718513345215113,0.4606674463892729,1.5317575110514952
2025-12-19,-0.9039793566909778,-0.4423924742517668,-0.07503312973489952,-0.07545367703135608,-0.13965582223421996,0.018499257357276394,0.48828203627422984,-0.28173899233580935,0.980012049795193,0.26100658991162695,-0.5923523038041258,0.4777163426910378,0.16793906337977615,0.09322592014628159,-0.28126812920515254,0.05050629723562396,-0.21361904467214737,-0.5620864064873975,0.762427842843256,-0.05360058911074006,0.09613149652436626,-0.29473773277220233,-0.7330721156905956,0.6104934281273555,-0.0919685164597242,0.05536015302733513,0.8790726840073404
2025-12-22,0.40931373253173153,0.14455793146656837,-0.15285815277554482,-0.6759274082952185,0.11088547141776384,0.2334277331083252,-0.08658117228864723,-0.3893645395231015,0.22294018016282835,0.3408607987983807,-0.03222648519009608,-0.20210226058816105,0.10112002927641739,0.1471153349283837,0.029928053063299154,-0.1651123791085936,-0.05553153904239297,0.8503796182334968,-0.26490237183249465,-1.0522225826974485,-0.81828373943909,0.5333395164715882,-0.6114959386087553,0.8421097648111657,-0.02236933983716872,-0.11732244372151,2.2056412957168057
2025-12-23,-0.5223036819475737,-0.8170167300369877,-0.2153216108213834,-0.06856555380451324,0.46822599205052473,0.15670376082366655,-0.7325537949955744,-0.5898088535779599,0.5605973170855644,-0.17256622486851428,0.2869688802318927,2.5890778011646813,-0.15856958698465523,-0.1506627456961773,0.3193611372613847,-0.07571955943489257,0.07213160817985409,-0.7056651029325662,0.4408304353254491,-0.7531436564501851,-0.9566524375768568,0.3016887117431306,-0.7052849409814315,3.686093380223274,-0.2862540656831472,-0.022626934484906075,1.9005309870311857
2025-12-24,-0.5590328446723177,0.4419280651012578,-0.19634836036029985,-0.08014234682809823,-0.03160352032697589,-0.6818801746509939,-0.38288061596272727,0.15393527797315498,-0.07289322941240639,0.028148232787773994,0.5977962975985106,-1.009459793323271,-0.01468501490409771,0.06817958910978478,-0.5633402930127667,0.03602360760783967,0.25963774094391723,0.1809302830361691,0.6487608051723555,0.12986664708708373,0.4606759228735662,-0.04970942625097713,-0.33496733025524533,-0.809265033528743,0.11162970956631146,-0.23353795195156168,2.197107391277922
2025-12-29,1.0404879492883499,-0.43831205810144075,-1.2535246632652377,0.017114085926115977,-0.5031578913665992,-0.7402947131534636,-0.39468452083797534,-0.9957023142501703,-0.019344210669216447,-0.1743308933660642,-0.7542298318049713,2.263244412238389,-0.1972399650322432,-0.6423840242426817,-0.7499171820957106,-0.10996524650696615,0.021866944047271603,-2.517537285996623,0.12257813559920361,-0.24548052251317554,-0.2736179191809302,-0.3312547856765544,-0.26890037758237545,-2.7593795039087285,0.3997192507478983,1.0378621232959433,7.811335273584421
2025-12-30,-0.6861244079964253,-0.11938912135124774,-0.3393756114986861,-0.3285159349056759,-0.5870541223858969,0.39781892656019124,0.6880119404748485,-0.4491079143621307,-1.6695615278042184,-0.2452747941413532,0.13438128813087968,-4.258811819401199,-0.3385239771825889,0.044076442155063164,0.2796015429772644,-0.5531195720752605,0.650361002854252,-0.3386217793351114,4.167730534463772,2.4576518150060207,-0.11659693181987663,1.7373860437658126,-0.2595192612130047,1.647292763377438,-0.3981399453200658,0.02308773869102844,1.8862328870661895
2025-12-31,0.3732361009087745,-0.4025632275011828,0.34027909730328587,0.42076057747096557,-0.32927336202094637,-0.161186676343446,0.28086259605843256,-0.4431988487295173,0.776635611366723,-0.07667480566022089,0.20415343964958688,-1.867060013716165,0.4373072482923782,0.24229115929891942,0.005039003823677057,0.4892074690461424,0.6116980516229478,0.4965216498186522,-3.8535900240197334,-0.23109748863028412,1.0696293214137857,0.33516576166196627,0.5331784844089428,-3.782215604216047,2.100653264886792,-0.0037941880556604524,-0.2131927355673282
2026-01-05,0.6316042986011148,1.0152341350189908,0.06425317531239538,-0.27641286713487473,0.18538970898058915,0.3813794286713041,1.1522172562815187,0.41763876485096296,-1.414293034469332,-0.06989006641334639,-0.6708060825268387,-1.2787524216663266,-0.13656980673596786,-0.0854959026275553,-0.12977442267304234,-0.6418191515747692,-0.1952208787728464,0.7549180883208657,2.5843579346748875,2.0826517460425675,1.0497897631238375,-0.28024119548544735,0.291887111171067,4.4505787099393235,-0.40822819587487513,0.2245543402880948,0.11416671727633788
2026-01-06,1.1910892777339293,-1.0183675316420604,-0.3668721737671681,-0.11623724126022306,-0.17093360289593304,-0.593349305575181,-0.010250948531766335,-0.8086681686490482,-0.22839791691651973,-0.6028880103198812,-0.6301309768448239,-1.5006133863953042,-0.5166766377804813,-0.14504235024892692,-0.9266581684747628,0.462781940431929,0.49698799014491846,-0.40275598421831726,1.567855657220056,-0.3807000978908148,-0.03687738217576797,2.4238359052278904,-0.05859611263470699,2.6449871461663186,-0.3044120023279897,-0.7629507681462802,2.5884113816796925
2026-01-07,0.43820136481893046,-0.08924938272331961,-0.09851086690670346,0.08684996212785404,0.584022082649244,-0.3967075336438982,-0.654178306088709,0.6209749729643786,0.791149378725769,0.11663439178481894,-0.34866633153066307,1.4068913184791483,-0.0773230499942219,0.3361086086331361,0.024537032037595274,0.009898227335271292,0.7407589615150755,0.4588360793588382,-0.8558668422841857,-1.2546382669102547,0.14432066445253133,-0.7010224055342464,-0.8984491306995468,-2.997193080241445,0.7662023221677738,1.7296909450560283,2.377738292060369
2026-01-08,-0.13190976581471503,0.21313747337769712,-0.18593349496102585,-0.32323609741328596,-0.1912721460418561,0.5031771631149186,0.10691818271973585,-0.34828805066896357,-0.04181570781172684,0.8150920410245468,0.21033718631109255,-0.8361930258047148,0.5214568412406624,0.6981484613428082,0.727294383094037,0.07105743882054316,-0.8642115910686865,0.6316539999628439,-1.1559100813653111,-0.3013794324365028,0.609882155734847,-1.2623927033777274,-0.3396175618065962,0.5914823885546306,0.22791802639696906,0.46923589226079254,3.0196400408358763
2026-01-09,-1.964945115832169,0.027526567781095856,0.03870227220021815,-0.4229998820192866,0.08164584141230036,-0.3207909601287106,-0.751323697232245,0.022814928466487347,-0.4405810826985206,0.13520861701814302,0.8912950985552093,-1.9378475996028592,0.08202581122760533,-0.21150609274707133,-0.40166632350442827,-0.14574950240002732,0.3760865997013309,0.009140252629578738,2.0339931229483823,0.26780846545823533,0.6043073310434297,0.5691604154020906,-0.5084044532188267,-0.3457609644361934,0.07841778681743687,-0.06743211065748526,3.4372840391460593
2026-01-12,-0.2116746149358394,0.880579985841004,-2.8203594647413612,0.32488975862684544,0.08677181658529576,-0.5970449792369181,0.21462635611909092,-0.6335945329551915,-0.2229813633708422,0.18545627702997064,-0.12428893246409038,1.8530029080669892,0.19146239347087327,0.20251847731500255,0.319924756169704,-0.007717085663733331,0.008802051445758324,1.6580236666723565,2.8048337613904413,0.47890809526760925,0.3144021487980653,-0.36736872021864503,0.3710935156603892,1.1079565429175244,0.20282152754835403,0.45337455446922115,4.205180544929862
2026-01-13,0.4056307360879846,0.7796291806653972,-0.32414584173394684,-0.40966747490111466,-0.6322996855525393,-0.31587373292392756,0.17229040360538606,-0.8686382446222428,0.05351471616692205,0.14845212327179125,0.761488778221455,-0.26008575411084245,0.019717828371431545,-0.21842611233772524,0.7013820510919411,0.02743231627767126,-1.0969468942177953,-0.0593657594820895,0.9854218074433034,-0.8488123083710438,0.032013379336458314,-1.0826289965344842,-0.5644358719117963,-0.6149790716804616,0.17288604200507174,-1.0628396210823476,3.9266913033407924
2026-01-14,-0.8042242319243803,-0.37318801670798507,0.13754026225851096,-0.2947164088427562,0.15653650325960833,0.16476547114886259,-1.0252196879522617,0.24528054471386468,-0.9540555935393361,0.2856020104435494,-0.0558311264821435,-2.4649416839602907,0.11042868110610504,-0.2023179872356225,0.4685390309271952,0.4931488387589056,1.5009125383445328,-0.10419645933153798,2.190703609609826,-0.5742881255076018,-1.1686512387121932,1.5400085543601683,0.5969157539067473,-0.1123404778321363,-0.13160252933005673,-0.022085687435707133,3.9789117422038096
2026-01-15,0.022386849939804637,2.3198098541162477,-0.8210397320864291,-0.34976143996668,-0.872310453225956,0.5336970534158244,0.08845967068453386,0.9181326007012005,-0.37536231505273815,-0.5714956437696004,-0.3165658066758974,0.015164042646322248,-0.6357522518272565,0.02118981900586092,-0.302929487765599,-0.05769116559282045,-0.5892292227063504,-0.3783136735464532,0.5474614040490453,-0.8049305611838803,-0.7562374451395679,-0.5016010320776015,0.37950465790013715,0.6259851376034625,0.17365778739188026,0.09228001133398148,1.3115482128178548
2026-01-16,-0.13866154599877062,-0.4199423600252905,0.24282732164733312,0.1796990072941008,0.6140246415708941,0.49641101307378244,-1.063734020571411,0.15347024851663116,1.4077265097311709,0.24372768605044431,0.9243123000114365,-0.043814361481363695,0.1052242047602713,-0.021868812764988244,0.4806872857414267,0.10903226529428289,-1.2386784728862148,0.4348892406901256,-1.1447637612397759,-0.7330736817683086,0.36982879588242645,-1.323154208075076,-1.127326666801141,-0.9870911628603318,0.06411586458418678,-1.363222477647884,0.11481608007884338
2026-01-20,-1.2573883141878919,-0.20648952782221255,-0.028527939137606456,-0.350260255385051,-0.24223878794148473,0.03168065881786117,0.43133318823239675,-0.35125719348972245,-0.5711542590715054,0.15195271133548932,0.45122851701024813,5.851403023393595,0.2178645511786395,0.641225033643044,1.5753552983014116,0.21418846695402277,0.3088064728870769,2.377716172458448,2.188616934037406,-0.886642435956112,-1.6502349004435912,-0.29554724360656925,-0.6621035437085624,1.7959868941000487,-0.5395928449865208,0.02326156508703947,-4.926465581164467
2026-01-21,-0.08430212535258977,1.0645486076520174,-0.6693715347667286,-0.389105995259133,-0.3912969493538795,-0.5466828565026276,-0.08093765594797292,0.19936783970201477,0.23871408388989207,-0.3609731644696851,0.7187800360779315,5.079682343219227,-0.4786935853100914,0.14771548483725994,0.9820107717332418,-0.40817548496960565,0.2915217918054507,1.818451845205118,-0.9296688074055206,-1.2335418131701612,-0.28537505393695334,0.17550133372626797,-0.33723393176233657,1.1741103299681568,0.05178129399240922,0.544076870418954,2.2361625833114727
2026-01-22,-0.26349730418656003,-0.4237590537670036,0.05965016484567365,-0.5508301583051621,0.3279960535669295,0.01768704766673357,-0.3737568996738021,-0.3052932353819262,0.6248124481705315,-0.03075351735714238,-0.3142652892349447,0.9664909908318169,-0.005453172999058897,-0.07982478938366044,-0.33630675830751433,0.2240897614492006,0.5665738881210617,0.512668228885194,1.0760880107082258,-0.5456394485375549,-0.04910004375163157,-0.5952843789757625,0.19861057171672525,0.973463174221767,0.06496170280659432,-0.1562494420692852,2.533499048810925
2026-01-23,-0.2257980243834774,-0.5792717412069313,0.25255954075020226,-0.7756549332835248,0.9772097176566776,-0.31825736111343045,0.5870418740840868,-0.5788014862981087,-1.1914812960224972,0.4494087249881409,-0.42272831921842186,0.8850104117534905,0.3179929862189639,0.2164721838245396,0.4866252707434884,-0.292727697493528,0.2703315470737854,-0.13346342384341825,1.2309070956983375,0.5284240415387496,-0.13832090289097998,0.5212427174918499,-0.21259022537051409,1.9251282317813847,-0.20465927004193296,0.11181021472285255,2.4811642780798167
2026-01-26,0.22417570508445406,-0.5284282386265948,-0.5311068709492504,-1.0950161573260422,-1.1201461140004176,-0.19991233167643907,0.3595851277514579,-0.7855475693928847,0.2114682932070775,-0.33715510679755495,0.052664941839238255,6.362544349489713,-0.4121650219175561,-0.5677404947118169,2.2137679156717973,-0.1981865448317464,0.9500793015126225,0.43191733792421294,5.5427083112115785,-0.35804213082515524,-0.531329165658497,-1.5677332639414439,0.8471585326852715,1.127214499894325,-0.3961430663373678,0.2777243188960808,2.396144600570401
2026-01-27,1.6017591865616108,0.6193767854287784,-0.5226246392124007,0.8293668757702038,0.1313983718621778,0.16631013668969208,-0.26392911438843014,0.302678074753605,0.030334755052047607,1.1644899441505956,0.2297992880915884,0.5017250403178586,1.0854553187478189,0.9152121909005964,1.1669137511374155,0.11422853031212066,-0.5151642531791287,1.5596027687139975,-3.304375961565845,-1.2684574063709158,0.8940096821955164,-0.3433106102141663,0.5076506655239309,-5.952306183778594,0.37151227647993873,0.09873536689762137,-0.34151296760105776
2026-01-28,-2.377427361419035,-0.44081758485831013,0.1545757080166993,-0.29810743697794617,0.6229742637342797,-0.3416842118215849,0.5211597682666848,0.15904168110723815,-0.5167216005023083,0.30512375612809206,0.7372721841399275,1.914772879430831,0.18843291431285575,0.42733234889892985,0.2017427829130417,0.027294469046314787,0.2240695766221285,2.6771814189390737,2.0408049032023357,-0.07104520994454233,0.5527954914568278,-0.41940251712020915,-0.19815962396406006,0.5777704073677299,1.2277828596891565,0.17660435149865844,-0.27140798433409197
2026-01-29,-0.8015668991173459,-0.13371651634028808,0.07265233789505125,-0.33403799572078097,0.17343922085951174,0.44465726018283286,-0.21338524258887426,0.024194637166313482,-0.5749190566062128,1.0994062848291848,0.664703980956138,-15.893492814954481,0.9145863518290007,0.30191368934096174,-1.4989614572509307,-0.20144157610122257,0.34691299798601966,-0.5323460654766393,-0.18158200261413882,3.3949392536593797,-0.9265955944367157,0.562419088914024,0.9721734760614804,-0.33370712425728005,-0.06519696732427765,-0.5451995361409931,-1.3792592064403058
2026-01-30,-1.0761331588304175,-0.2019993392094772,-0.08054000210059536,0.021532294784163464,0.18332722525594386,-0.3000726687309446,0.13023960174228158,-0.12708766504349822,-1.190328956511235,0.13605425912860933,1.8626138077168692,2.4592534359627063,0.32018540266645457,0.3196375617492526,2.415325769842252,0.16332551306843376,0.2923360815812042,-10.778397093836587,-19.127124385878012,-2.470137785449418,-1.2076325773571082,-0.39370532350032306,0.7238794381819649,-10.534541622556949,0.3063582902643473,0.32808634812202975,-6.7796188918362175
2026-02-02,0.5164983131239286,0.5359652834824832,0.05547819234988893,0.30319364919025177,-0.6052257802024925,0.6879687162990238,1.1458195128124045,0.39327618637257394,0.2745014324520901,-0.7895491059057327,-1.9742586977648018,-7.051920009312432,-0.058005148927301686,0.019745894270947417,-4.3667686903198115,2.896731208580903,-0.8762498307973996,-1.926534859102524,-0.6689938076086008,0.18209202932568958,-0.8361672097053046,-1.711481177262539,-0.29557633898891367,0.2386585550383455,0.04874980951283287,-0.3258078510980216,-2.5785475053511724
2026-02-03,-2.658678983310982,1.1546501663278925,0.15399320817933299,-0.5895811628047305,-0.25496957133958165,0.42467902824038173,0.7254956387462792,0.07443237579169487,1.0703561746813908,0.4206681336509793,-0.05004207391411922,0.7528914529034042,0.292035759415878,0.7876766985477784,0.722396027411582,-0.5400655288151194,-0.4650642041324119,4.27237173366014,2.4055054282707236,2.077599391644517,0.4756692095465169,0.7507770471907029,-0.7813677878206811,1.1306855654163823,-0.403430819015837,-0.17061796440883545,-2.334809162797146
2026-02-04,-1.0774398956886952,0.9915870658369572,-0.3167312035055987,0.010566788627531964,-0.749019391556163,0.04962774393244221,0.29568901724233687,1.3860754950790377,-0.4582728296369388,0.5281122942681538,-0.3117736270401546,1.0966737744921968,0.24077086149575255,0.5484718921995881,0.30421461836257646,0.2732247667330274,0.2530185888941518,0.6866341323990146,1.1314269199292633,-2.2135736331821407,-0.4153268981514904,0.40658887036656566,0.23418095199264494,-0.47775882927989066,0.06440949726686018,-0.2756737585286704,0.20873511885142637
2026-02-05,0.25768376616892924,0.22706230053548568,0.5465402393134136,-0.08420563169698764,0.6691659799826515,-0.28634224194299396,-1.5343473771462213,1.3087981048024357,-0.37848696286935546,-0.46799929913847915,0.5855593150043812,0.24126489674237267,-0.28169006730311785,-0.0972909758318331,-0.6674441785363132,0.09202804510973381,0.0660488693241712,0.10741176076381476,-3.672119193620225,0.8020034321991787,-0.17863890839507235,0.09885618265133522,0.8076984345844809,-1.4306689644254988,-0.07488929414825962,0.17311647877887817,-2.6863053405795077
2026-02-06,-1.624174727611044,-0.0028975080392048547,0.1200475420521746,-0.6183927891514979,-0.03609989274208669,0.25891300656479976,0.8677242741672567,0.7984489664206378,-0.48039315840059993,-0.035871312907252983,0.24454321133541734,-0.5378197784062635,-0.13647594032144172,0.2022035931576483,0.02841987455947409,-0.19707202556060224,0.15866053825810597,1.121582554082468,-0.7086559093232225,0.17187443288927218,1.0092731815759948,-0.32385421096595757,0.2750018544443733,-0.017622093103226932,0.04953169633975421,-0.056814920447310485,-1.497521557201208
2026-02-09,0.12274216085009099,1.3021624041046957,-0.39525980740820804,0.27623003270800184,-0.4368696078732901,0.04180599380758619,0.5070009213993549,-0.44481849470536955,0.5353307813702338,0.4744989343319257,-0.541339118498481,-1.9478425927161482,0.2748833886683804,0.5787503905154966,0.013744207539558045,0.04313359860078047,0.04520389960159667,0.4710947080439074,2.1125355593478163,0.14289998515665514,0.2840861930480837,0.08605718444570232,-0.10241752583370739,-0.909101011740999,-0.19732062762047936,-0.24985557451053528,0.17241182480788542
2026-02-10,-0.7350575067991918,0.6015711273966715,-0.2091388547919916,0.12552377784666996,0.06438322780369582,-0.22038401007162584,-0.11708194975424903,0.5901312992012041,-0.681789810034705,0.21981674598224174,-0.2613579146134074,-0.35313362524204733,0.10123428467684673,-0.16136490195816355,0.003755699976556448,-0.3394071659125892,-0.04476431367989006,-0.07688302029531013,-0.24813918908892707,-0.06582699969202,-0.4919024965126698,0.6701873297736698,0.8001518701975294,0.46020778565638765,0.06488850105651688,0.07869961456255051,-0.25561058963799166
2026-02-11,-0.1347236974900664,-0.5677495646028711,-0.3216020432262423,0.10849553870213563,0.6746837390124812,0.10729137285349047,1.0331254026303778,-0.15763586153394438,-1.0471246357998754,-0.1031315409655737,0.4765919920864653,0.3573671643392676,-0.15025398021991077,-0.003969023798509885,0.26318605189535027,0.003258274112767204,-1.8224477777347037,0.1040725972678358,1.107281449179505,-0.16664361060451183,-0.21585103280625823,0.3682495631124585,-0.27416064834274995,0.023978391593679538,-0.21772241835858513,-0.20218933775230316,0.050925719783070825
2026-02-12,1.0393327887507833,0.6630990775990443,0.24895483066964652,0.4910587409232399,1.3034605673738506,-0.1396180353142913,0.11052485689418126,0.7961089228066471,-0.21259039942558428,-0.7190262675248571,0.36680398038867373,0.3447137497187673,-0.4665958245327746,-0.721098839265333,-0.484356690025436,0.5378295531097139,0.9873300962666944,-1.55594358104621,-4.043335384408618,-1.2136721575453149,0.5408822693261979,-0.3941669405792445,-0.06190233564147485,-1.933495965829466,0.4510684266913088,0.18491952464775177,-0.1977658465054004
2026-02-24,-2.3110600883872143,1.8104898820779178,-1.0597395274092125,0.46285896449074304,-0.42237190535324876,3.4405501921107597,0.6220504880855371,-0.5846905280338962,2.4117433982817045,0.9581543945413962,0.979694212639121,-2.587488111263898,0.5622772407898324,0.36223829083511316,3.8992363860348505,0.13349196619398934,1.0321825743765751,3.013350613363084,6.112310731928304,0.29973246210479854,-0.7759840171589402,0.1913538570957798,-0.8472110374061206,2.7346774088341324,0.04504696407559558,-1.9432719404190182,2.7215289735662376
2026-02-25,-0.4927077746994496,-0.24819934115782155,0.013426636603601771,0.12321428236305987,-0.41054603382938093,-0.07351710473030165,0.1460558770511584,0.03792108574704889,-0.09180492153061912,-0.06978841784031065,-0.3342986587668396,0.3309685407870267,-0.21215544446195422,0.38225468223915504,-0.21690943340676172,-0.2699585090482876,-0.03922928049004622,-0.5214346078338321,0.6050326524006082,-0.6080873667839413,0.9857414491613266,-0.6048504401280996,-0.7390605317060241,2.2455503128442165,0.986637296855434,0.3423795674582583,2.5782660960804726
2026-02-26,-0.16774649180437762,1.0348473109824379,0.10225071895692828,-0.6631323412110524,-0.2729367895095064,-0.33322589182511586,-0.21374090831550163,-0.12918083788848156,-0.7102200292421617,0.1162188664592066,1.4107166417239052,-1.2973134890499416,0.0627029186834147,0.7656377602557656,-0.8643589065880037,-0.06594519841416774,-0.7006082150928725,0.9672105056595491,-1.244305535531033,0.1037916839425016,0.2657383188097978,-0.549880421277367,0.3090114044888462,-1.173906460552848,0.853090605576261,0.09898176695011895,2.0757932123451655
2026-02-27,-0.6292304161669623,-0.7225458987082753,-0.11597067098823499,-0.2108749109878346,1.2365086239187824,0.09663794237127375,-0.6074013955175304,-0.24194300651266665,-0.653875262664658,0.3416849817443667,-0.4961778199836104,0.318975323955199,0.2739356497874502,0.3255419990066406,0.3187767859950976,-0.12226697230720703,-0.6674077045333776,-0.4262849347256996,1.9789332359532357,-0.08382038317047402,-0.8552647830355371,-0.23641159531210487,-1.5204533291947833,2.033147294629288,-0.18088540197772762,-0.45619929545631727,2.927062990972116
2026-03-02,0.6268430902247395,0.43360456621865484,-0.8010036079490841,-1.2586721722612662,-0.4312231729281587,-0.17795131466137834,-3.7792407747059453,-0.5857645025556153,-1.5579696080880585,0.9334508158343064,5.087408261937143,0.37599928179925224,0.44283099093900113,2.9658828768751766,1.665210164231377,2.989875564220477,1.6718188425040594,1.8200284431196114,-2.5123482402796933,-1.7786698747849257,0.7851628151661276,-2.0035854339895023,-0.43748639419526214,-1.2978950859822218,-0.0015703338899779734,0.45996180968513023,5.297986390442957
2026-03-03,-0.22066268636747924,-0.31762229792426244,-0.17867801260291022,-0.8158522156294741,0.18159594666070383,0.14759345965538714,0.2756047116961591,-0.03051429151378998,-0.20167151029321267,0.500354619758165,4.0506707713182895,0.45690937131403553,0.39814678412127535,0.26748524855661326,2.5673875164360633,2.6139025756193504,3.2092228374912626,-2.5677588930382256,-2.5774809602255315,-1.4068191811513557,1.3456990144957512,0.03466933416986548,-0.8915875024365001,-5.611276210224756,0.19249163827648713,1.9532851992103117,-2.557032393640505
2026-03-04,0.2553008354643993,0.6532869837419786,-0.12774368497353505,-0.24368289463438686,-0.28400631041011615,0.36260307353827204,1.2298926349171488,-0.06626097164371157,-1.0234298491501699,-0.4946630007389645,-0.9719189710325912,-1.2951891462453264,-0.3510105424054156,0.4831986483792525,0.9144465921614708,-1.0916440651608887,-0.25346422063068186,-0.65518485222974,-1.1828307041474875,-0.1474420746031917,0.984951079316426,0.057418448969397407,0.09305057998215727,1.10632593872982,-0.24116557119974363,-0.9479343000002942,-2.68713026706277
2026-03-05,0.006116602884159494,1.316363152689041,0.48712844769491404,0.3703621829344066,0.8937513180123751,-0.30857205894611806,0.1517602520441514,-0.2614202807714099,-0.43720340647720807,0.24034633613567258,3.045637270933553,0.6794215730907595,1.0974251458252633,0.5625937553378813,2.199387744295441,0.3685928075610978,-0.0048544663737777344,-1.072799671021418,-0.5830455558915398,-1.1622002972592294,-1.1063044731775662,-0.40847140971142415,-1.8964321333337235,-0.7804611878523096,-0.10651457023067525,0.05401996887092675,1.5099113206536028
2026-03-06,0.10018608261884543,-0.23927237979167082,-0.13499633172302716,-0.6472857859960852,1.35901718347796,-0.33453830005570845,-1.5660901734915782,0.32018038431988116,0.7491279389093459,1.4715395425095488,0.3945780286142915,1.1601793444308754,2.323623338378053,-0.3647499629259072,-1.508262111793677,-0.48242615545726697,0.6418158588796588,1.0346329436515926,0.6311317073854714,-1.165341722374801,3.2799136881888504,-0.28807129487088234,0.39729395456021677,-0.576301380757393,0.010811270954449712,0.15322486837248814,-0.10492587532066987
2026-03-09,0.6276866243200921,-0.4255797369356995,-0.9436236699069058,0.26927666833056807,-0.12196425452706744,-0.11211467291523203,-1.413419739361287,-0.03610974931311195,1.5962209738165778,1.4904556327035277,-0.5817447065815454,-0.6353981517718398,0.5126723507609126,-0.05647641228732625,-1.3605516617068476,0.8980265555638518,3.3980517701609325,-0.8628287205309217,0.16998957275702697,0.3882946176753037,-2.021994898941802,0.008894634854558384,0.3226896568892265,0.7208062927792399,-0.1609419527118702,0.25447076278147185,0.32883490179515196
2026-03-10,-0.14583710970550887,-0.14283172343035772,-0.20906720470180568,1.6472332979653872,-1.0400931984011477,0.28622150919619144,0.762370348585331,0.44239548434556786,-0.5989797515731182,-3.067577404324081,-3.158256355143352,-0.549098822287268,-2.5969174340014654,-0.7432596789073025,-1.2143524642254735,-1.5808014060426345,-2.905989046492924,2.000027674916795,2.5386922517392962,1.284241670458882,0.5689550353828757,-0.06003728496997159,0.30693336955451,1.3338344077131956,0.1395258350622728,0.058544914879361115,0.6624234170753165
2026-03-11,-1.2964721749244124,1.0350348020770883,0.7246960209776285,-0.42142925514496826,0.261036927551032,-0.37180348437501265,-0.8448331339002932,0.32819490523903305,-0.5347413037783993,0.34862062964910967,0.8739762366228505,1.0352823573684178,0.15753167713189842,0.7068572363509549,2.441645954478879,0.07574604177405392,-0.07109301479075983,-0.5228964984693203,-2.033605322390324,-0.8741791666043385,0.9331391785227132,0.412802370079484,-0.9012520287960707,-0.4276425909267444,-0.05228467272870732,-0.4647188475290601,-0.022156472086545684
2026-03-12,0.551718391146028,-0.3094769935293554,0.20279424236655041,-0.36780357387943974,-0.2759894629194791,-0.20228845315791938,0.3900788550282671,0.35190505543717754,0.1970993578538875,1.7061927795470258,-1.3555484349345837,-0.09679917997567433,1.5065199720681042,0.6537248218098699,0.7106471563592804,0.123344745063388,0.6758548953563687,-0.773304291319012,-0.17718430075240488,-0.45589128066319884,1.109392493735333,0.05329305450704086,-0.359336738587132,-1.032473785311308,-0.1008629376199453,-0.049697399429520644,-1.5906988392504995
2026-03-13,-0.7847961494671606,-0.17841506675141197,0.05379810231440019,0.6152235580126404,0.9524063053447718,-0.15513370678361132,-0.10620125678640613,-0.4288617970939159,-0.23616667021379548,0.7057701253676381,1.0879299168454257,-0.7192063978159018,0.7182679930433915,0.5318730621098746,0.8264414994137879,-0.1296660426593954,0.6223469304251456,-0.10137899843710585,-1.3180392054220746,-0.45114098926161317,-0.9924004138445892,-0.34672618282890877,0.5348597840690951,-2.2864078686945093,-0.06286537542071913,0.3805571455445014,-0.06567675131523297
2026-03-16,1.1602066151718915,-2.6654383436928972,0.9762849427554305,2.0645332626293706,0.5030097035813539,-0.18018184380153274,0.6535747594760429,-2.638598245402493,-0.6341446974980353,-0.7941711708806256,1.0786473563115997,-0.9744534476897373,-1.4132690013816147,-0.2017317345635551,-1.4403504067178583,-0.7169721934505544,4.289713661424751,-1.1215640810543093,-0.33587474725094557,0.607683199581998,-1.321040423545278,0.1530745081274985,-1.014768385254288,1.5394350367394916,0.33315927952817814,0.17803305106239348,-0.7264401237813438
2026-03-17,0.5328496800736416,1.4635070834956116,-0.3423799568914102,0.21983954264293976,-1.1642313661432346,0.21717750742997316,0.6640176257134627,-0.22305771086976445,0.687672860481755,-0.023407340209515848,-0.746186505940205,0.010755069169231316,-0.21444299247871157,0.2538645529606258,0.6345876874538945,-0.6845560340578113,-0.2637908770904935,0.2806310420769494,-0.4672150976706452,-0.8169902373716345,-0.3559906020499256,-0.38849750845277997,-0.46883653021726485,1.1092940275696495,-0.12128624694032263,0.14661192941643314,0.450464346671089
2026-03-18,-0.5019599672167823,-0.8888724588778537,0.4746751116324941,-0.2776777511631986,0.9700042802701925,0.1634289400773777,0.1434074854147022,-0.3724542268678478,0.9470035117177171,0.8056886260236422,2.55294336822839,0.20408351468468056,-0.6201134583874707,-0.7937486403409273,1.1084314705463312,0.3736407510802944,1.7959698292236217,-1.3227377113369494,-0.5984283813041718,-1.6264449168340187,0.7077907113757829,0.4072629797485444,-1.2820024047328613,-1.417356651285305,-0.03602490285805794,-0.09545913443064924,-1.1232718611134265
2026-03-19,1.129449424154895,-0.1998092925601422,0.6492356168859679,-0.8957747722929196,0.09622557444156687,-0.3529068975601434,-0.5819225868839495,0.2228803209153753,1.8735028435434558,-0.07181576861267785,1.69349182783764,0.6968227729226047,-0.45408114296561364,0.02171725416971848,0.7910562782522028,0.7256813011963084,3.484828887400472,-4.852808572267383,-3.3702132867644075,-0.8992782758685998,-2.781468608565033,0.15077667529053823,-0.6593709469540496,-2.122842478971369,-0.12879680299543433,0.2210173877981424,-2.0318946259637145
2026-03-20,0.828756401373721,0.292606431901568,-0.15209153154781208,-0.15469453614037598,-1.3427395972569198,0.18556491374490414,0.4272794099226227,-0.007080337518187707,1.1899804352087906,0.266149853171882,-0.22778336287403933,-0.4837379371702657,-0.20315151968332412,0.7493701395858083,1.4204329363778463,-0.25508156606805493,-1.9866653444192441,-0.3927635885982267,-1.0273035127286783,-0.8050361781820494,-0.5363937189314383,0.5649678185846985,0.34942827549571037,1.0147950826661816,0.09124067755020271,0.10480400526272393,-0.2864493949310114
2026-03-23,-0.12185205877615624,0.7254351930938998,-0.4792943676101217,0.39940621915030444,0.19473613006500784,-0.16078387578800282,0.5869933539102619,0.4817217525525375,-0.06987918992056164,-2.4719140912651483,-0.40640813556160893,-1.6867840298104295,-1.7689393172670052,-1.689900107245084,-3.142524466908678,0.2922797001694356,2.2138028511259464,-3.4932484181004955,0.5614718011350059,2.274845030146218,0.21917480796904265,0.7725757829130918,0.975078208336239,-2.367761444607709,0.0032409534195169676,0.34790855699203127,-2.057501603515292
2026-03-24,1.2958030290327658,-0.49738712736704455,-0.013041486590185392,-0.11873965283388849,-0.3630755384987707,0.014482376153319806,-0.1337775122872302,-0.9617379803675662,0.7850581651878197,0.1457563288812278,-0.959460115967661,0.2542473485169728,0.12669376445781388,0.550281948659902,0.7706863134641346,0.004812232396445959,-1.0663338166210095,-0.20687837310979704,-0.108108142334332,-0.7863712933316553,1.1830362087407709,-0.681794671975095,-1.2210728125982264,0.5231205426566821,-0.03457290550138641,0.06495910198771093,1.925804884301702
2026-03-25,-0.40688608340801674,1.1879772934485797,0.34620519323143917,0.4562874275978487,0.9222040526478612,-0.34296789014792245,-0.38460103498083154,0.7670520338546778,-0.9477487106829163,0.15185185636926157,-2.7475245127653247,0.1127646497401989,0.25867041090583764,-0.5508794000601656,-1.7630090915186614,-0.8507667929696352,-1.4236457675203034,2.378567178974714,1.334425117632446,0.8415566354679058,-0.590268305181401,0.4065131138735585,0.5839979985493814,0.19467717353115987,1.8286885270807611,-0.238956122041454,2.2737835146110594
2026-03-26,-1.30216376663153,0.18273630585245582,-0.5886729265278894,0.57426498455877,0.3301499472163386,-0.24914294242605106,-0.11227523035259329,-0.4734259781727989,0.5999889680510577,0.8004783185492919,3.8557738072592747,0.005985173248095388,0.343282985986316,0.3065484280819737,1.288901429366109,0.3597212941783954,2.0717081397174373,-2.8817909193288784,-2.922069011599308,-1.3391641820721667,0.4717409513131202,-0.39284214990851324,-0.24757050271941483,-1.9889376111015777,0.15422621346433646,-0.046439437873052436,0.962667109951314
2026-03-27,-0.9579812442434272,-0.7832046360928082,-0.37719695559670663,-0.37951314648013984,0.6478608767057465,0.09778686336803498,0.9996716760937179,-0.825477750263169,-0.5513907877058637,0.2636814846170912,0.011714276007512403,0.8178282446700081,0.5144393381400236,0.10441353089576966,0.6687914586088888,-0.12898037167034368,0.7316925225723344,2.010440974003845,0.597900283994782,-0.6961492271199216,-0.0416473882816909,-0.8327754006337064,0.09317590975384915,-0.006263108740653722,-0.27062156152505856,-0.5195092486891135,0.6201740261470314
2026-03-30,-1.5012281804933871,0.9485290141765135,-0.39158682511688203,0.27266976964727174,-0.18749302938489643,-0.3986362773849226,-0.068994259157445,0.2696744966395982,-0.9451993490762767,-0.484289449067798,0.2131032004393295,-1.9058705089996364,0.5466609417360109,0.5106227450549958,-1.7199363100990865,2.5032770143926624,2.086164071256231,0.3973886586642401,0.3251711726018536,-0.5692618815423018,1.0014974879990464,-0.6166896752693327,0.2870336046533224,-0.14184843365914068,0.49217273033755216,0.1347277812165587,2.358863087159123
2026-03-31,0.4421833878192113,0.16092723185019603,0.002591059802144524,-0.33279875705294015,0.4938632379695993,-0.07137611366145816,1.1641005841415766,0.40140928211581584,-0.2489503056242929,2.1429731513108017,-0.8035241400938706,0.09245173051744458,-0.2584089940967022,-0.07346878303938381,-1.5773781011970849,-0.46773496938583337,-1.4708667686729355,1.0887231864722056,1.6672751297075332,0.5596196445111141,0.8860668370008198,-1.1012538487832007,0.23282410328831926,0.5484698728215984,-0.313148724487087,-0.1120024250988077,-0.7414511134250427
2026-04-01,0.03371848851574667,-1.1763666372860446,-0.1306179981771951,0.8154206463987201,-1.4866284974211932,0.1389763219432073,0.2904320133320217,0.23857663081962333,-0.6634837543307713,-4.875788806969975,0.9112913113436675,-0.3363668061017785,0.811088371818003,-1.284807006998252,0.20173948045186374,-1.2901290099088227,-0.7959996638449311,2.289475691286131,0.17774444365862208,0.31071072791463744,1.315813881458764,0.09597079739689277,0.9293715379010212,0.19070431739940563,0.14167225174792955,0.42559797661132337,-0.14484050567412066
2026-04-02,-0.25059720163884247,1.3227074115611308,-0.34460352210094736,-0.043312994452118836,0.2135400491806887,-0.018980354214125222,0.6892104934103424,-0.40920659689761996,-1.096059699457274,1.2916514660173481,1.9418501737945144,-0.4744293211771028,2.074233932034473,0.7380584869787508,1.3589913382666317,-0.2047541038174953,0.2727882033668312,-2.315190143222229,-2.0160042108547076,-0.7934085724598505,-1.2616774243792552,-0.21021370465338224,-0.35453198474229913,0.1385228001815925,0.09413548757521113,-0.7530121845288359,-0.4001745755995524
2026-04-07,-1.191134784023645,0.7773705977457837,0.04184446748914816,0.30708704688395194,-0.1400040385355208,0.017536438395604065,0.5475117954320481,0.02923525115100367,-1.2641875395121698,-0.633336766447578,0.6514298531544827,0.18786160732973767,-0.15593757394564128,-0.35917724097062853,0.45653495447136305,-0.04897508619179489,3.2312187129216663,0.8632685895295081,-0.16473937689539175,-0.3978033694376183,-0.08237429390267559,-0.4482167348408959,0.4321893618277396,-0.5912186099456611,-0.13928460374126947,0.44394637987808316,-0.6278891291442165
2026-04-08,1.3425938478372195,-1.6406651074360057,-0.1348148872544278,0.5095804526867205,-0.9859994876322087,-0.32854575055356816,0.36136689002626304,0.4194846378041872,-0.9644633815450379,-3.711476164795103,-6.6335072708618,-1.034601910889841,-4.089504451754265,-1.666180974760013,-4.735468262033242,-0.5846268251099007,-4.324135214402832,1.3966163247718297,2.0747445168854095,2.959271791100184,-0.6540726819566562,0.9219147569713683,-0.21163525984615505,3.3382461997935144,0.0050306634196774225,0.0862992514748964,-0.19732100214028048
2026-04-09,-0.09223985416818949,0.03925965370390383,-0.2859624348769004,1.009446130177688,-0.37308453658252544,0.5221769926869825,0.37670893865192934,0.23930610636535216,-1.305057786704372,-0.9243261102317079,3.596676232621295,-0.47090842815043166,-0.0641233846368845,-1.1995744184229225,-0.06373727582470567,-0.3243212493696231,-0.24120945427106,0.40722776498218183,0.09580819263418305,-0.6223822067008834,-0.8174563993013495,-0.7539753029653004,0.3244019874349441,0.5501887936117424,-0.23217650001313378,-0.2754981334428397,-0.8740826769351089
2026-04-10,0.803653694829488,-0.474524716998894,-0.12943492818784214,-0.12920293184935439,0.29381817376731006,-0.32954642972536713,0.3810172851143031,0.7488002615808113,-0.6816091756993603,0.0733985154110624,0.21106622270587344,-0.4191419715644078,-0.07686282709016529,0.7375536955331004,-1.4323597390753064,-0.12503021120331156,1.925558849092976,-0.5356228680698455,0.11026569813017384,1.0242146226343984,1.4462742809267781,-0.11027385304317638,-0.2230773268595137,-1.304472650096744,0.085023266622761,0.3929971937914285,-0.28534640814327883
2026-04-13,-0.09717089157972121,-0.7891193690701361,-0.1886723585379282,0.7722375005962245,1.0682771561564737,-0.507768934090943,-0.7140817273998885,-1.0168768064397842,-0.33490102261004134,1.6250779813742284,-5.674630481127977,-0.48124872687281306,0.7260921158129419,0.7843511981434969,0.7236642278697614,0.15764093025734482,-1.5281318550841054,-0.4027282075066596,-0.5884675932419103,0.6401791802495107,2.0274841836770015,0.4658093877214595,-1.0587476927147472,0.270733690785625,0.1081868311259539,-0.5118173965753293,1.3310496773583411
2026-04-14,0.12402867522528027,0.05133935569498507,0.06370699732595231,-0.14142483627277425,1.1961040757384438,-0.05953053337583471,0.5842127478136332,-0.464538632690058,0.6342200954731224,-0.4306441119379021,-1.6695073086627361,0.16444473229018491,-1.331655700098811,0.3270373010196508,-0.8765902810871804,0.1287029560255773,-0.5284200335735384,1.0251971934766595,2.084332668794276,1.1640815424402298,-1.9634201622263965,1.4163856226602654,0.9510661631067361,0.22741684942755735,0.11869659776423286,-0.1338528509358969,0.4320118662151272
2026-04-15,-0.1402166590434608,0.38228689476645883,0.5224894036369563,0.13043979843694653,-0.25680229417484474,-0.22442687136388095,-0.33782726263173507,-0.12161675194152988,-1.740014475135993,-0.6168748495975196,0.32187005663416335,-0.12867562623437573,-0.7085416669657526,-0.295753945833068,0.6998211177784681,-0.49559045288318965,0.019462467563593044,-0.5312265962565543,0.009818809239110923,-0.6050617115556806,0.8505162616127628,-0.7126548610091021,0.5214202282805234,0.582790275324169,0.08846220130656074,0.864563939942455,1.3630526467702306
2026-04-16,-1.3043909301514645,0.9364315441339017,-0.7794397058076881,0.025779282550195515,1.0819746983498437,0.8184493286517807,-1.129295558256208,-0.666895234715066,0.3033878972480408,0.7149940031819348,-0.2630132530331043,-0.08230122704878767,0.20876860184703494,0.13858036424964237,-0.20724197557607826,-0.3298911595573564,0.1320253930185949,0.38483359479858237,-0.21969450219390985,-0.6334234592022604,0.10076965893662038,-0.199870216001934,0.06534157921924655,-0.19408662035165603,0.1834301179144175,-0.3461463647522989,1.834943880616164
2026-04-17,-0.9294823299739838,-0.6283232569257906,0.12083676791327667,1.5100242704100808,-0.3878086920896858,-0.3530675036498889,-0.004752168294038503,0.3834050554453207,-1.0013277113073866,-1.8183184364337666,-3.8600328786534446,0.536421175733589,-2.200077875994113,-0.18118086765953523,-3.020707306930981,-0.0735237155974649,0.4592654322190589,1.0402529111452579,1.8489553064196147,0.7851865011541506,-1.3489400998950039,-0.1688783736018547,0.7481793406006472,0.7684760416051063,0.11742047722075294,0.17737557000459792,1.4831388821307139
2026-04-20,0.34515835583591975,0.6218733000966359,-0.11344275109572782,-0.22963978985249858,-0.5361609672698917,0.12563419761676242,-0.3875623184855884,-0.6916934803566632,0.37662699153893575,0.8409279875058893,1.205634746799888,-0.27498714767414995,1.015843706874851,0.19083527395833677,0.42397282404675085,-0.23041831895230763,-1.2489382733682424,-0.21435651390176447,-0.6539662250375711,-0.9735873757903089,-0.17456034885671307,0.24181315627652689,-0.9382866588678562,-1.0158599009141374,0.1427336906883509,0.1312460217284522,1.9708821786560509
2026-04-21,-0.5469633112326131,1.6262162578096184,-0.28039205314605803,0.18392067352637193,0.30253667030608256,0.46183598035229756,-0.8061488890728679,-0.03549702947226219,-0.42726052873963655,0.1465293979035469,0.5791309421377728,-0.2099349382169285,-0.02555643219490511,0.17335987729436253,1.0413539865738248,-0.140012792324282,-0.5366985473259468,-1.2591833344869854,-1.637768056561014,-0.26373697723780665,0.161136119354932,0.1336384249148354,0.8149119033000911,-0.6163170122565627,0.19152337810934378,0.22195308991045948,-1.7256864435452335
2026-04-22,1.781620002703717,-0.661731520499033,0.3313227546304777,-1.899162653840119,-0.31420751526055724,0.009265943710311225,-0.2831833004958376,-0.5954718296396376,0.19106801933141904,-0.0877069928076657,1.3321708051783867,0.21753924470776564,-0.9385509666782901,0.3794559998752558,0.7887375576489939,-0.32233585401007897,-0.06416684416356067,0.08142341007828935,0.14821719745530126,0.32446870922382676,0.5544975900165365,-0.17148644042440053,-0.3562507571786674,0.31552124365335343,-0.22499678306858056,-0.11875465168758301,0.123313467249635
2026-04-23,1.6680793947068118,-0.6449996571381696,-0.7119409798727204,-0.008659793250051617,1.363417439960891,0.05709872067153868,-0.12800100687028898,-1.046953053871755,-0.4701410353611002,0.4596956718089307,0.0051559985108675654,-1.1051382977746886,0.33286946272626516,0.39227563762395556,-0.20679149551662723,0.015518769148185674,0.050151183062206284,0.2897975618559413,-1.0240640970693267,-0.38738249454864637,0.3035087141601851,0.8234836273646299,-0.2890902152134889,-0.7750532893223461,0.1518567776176722,-0.18248028640203895,-0.17276101256870913
2026-04-24,-1.0111878891094226,0.3088114448411501,0.01400239847637813,0.11400297262790193,-0.6101922662896558,-0.42003323075208776,0.29166740921998224,0.35172780452544117,1.0164853417038004,0.27358148073732624,1.254874523150858,-0.6503294737863049,-0.37871443246932324,0.08879638464176821,-0.8711565477163348,0.21569747512364293,0.11020222590854722,0.08220183114776691,0.4261758532419593,-0.7482634702916227,-0.5350162228089346,0.6038268951706613,0.15308436466437286,-0.43024825284765256,-0.08933741647579657,-0.17000272375294195,0.21041713458510725
2026-04-27,-0.8438687153422574,-0.22779067078326604,0.11730729928094907,0.07880811525050047,0.18642380910060874,-0.16400620761885698,0.4953809290311838,0.2092345984129218,-0.4097145488944099,0.5258474534275661,0.5643724589925636,-0.07286260937521283,0.16976636235151576,-0.1311495688128368,0.3341540986997371,-0.5873441206168042,0.2698026781427203,-0.01117902149117378,-0.08438816710303887,0.1526344067724551,-0.13020330094231175,0.33706099472268736,-1.3097024072754624,-0.19365234625199046,0.11804242188666175,0.1085305461816922,1.6128662575854331
2026-04-28,0.09655402091413545,0.37953670564038644,-0.3779930616367112,-0.2356774934723127,1.306869814835387,-0.19850108228903746,0.587755074071958,-1.0382988626026843,0.5977700429968162,0.7321120275555864,-1.578275215657394,0.05249138279450746,0.8528318843976235,0.39241860896763014,-0.41297208940947505,-0.360592139694693,0.5052543101124788,-0.8595532058611672,-0.3258023822944771,-0.7954956060915097,-0.6129268467033199,1.1399832766263627,-0.2796174413668632,-0.27171501091179007,0.15266172344420265,-0.3184213356455753,-0.7463457310946915
2026-04-29,-0.3452546389788619,0.8921690957257884,-0.36625043224948106,-0.7716247095465286,-0.914295062305223,0.323121475303986,1.1745648342445834,-0.0433991555916412,1.7345528873052465,0.7014629788286415,1.1914900776727881,0.5158721568523453,0.7643467123795178,0.3483956170569942,0.7448032654750971,0.32614082514744525,0.11969471490387884,-0.12670549225004613,-0.9432518633601403,-0.6449599630704537,-1.2045078455787583,-0.4238473172019044,-1.3292954382771025,-1.0665677900488921,1.9620434483493088,0.010775132092886094,0.585077778563834
2026-05-06,-0.8499369162867946,1.1388598995547712,-1.6770058962024537,3.542953475945282,-1.0838639918066768,-1.5020673428093732,-1.1093058715446253,-0.09054054927156854,0.5274653644464836,-4.676530520338447,-2.918674370646429,0.9646163442687731,-2.4861769818434727,-1.4961483989580304,-2.8746804845623366,-0.2618825074934156,1.1926013416518648,2.093875667193356,2.9941315643188036,2.730509945075526,0.49556263865143046,-0.5791421871235815,1.2278583136108225,4.141659987792216,-0.20297748346109473,1.4598820629654357,2.4467026161352523
2026-05-07,-0.9312422463271526,-0.7162206071016819,0.6715378766752554,1.1100862377254266,-0.9302806255592526,0.03373745262709624,-1.0717424694359352,0.5080427418055056,-0.5385891221618787,-0.16995831693507518,-1.3661317372333872,0.4595387495301841,0.1451799169699639,0.1255525422793456,0.6063926288116397,0.0716091039427296,-1.1456475567428248,-0.18138982713039647,1.6492729444190002,-0.2030520166072633,-0.6265307911241743,-0.1794130622258897,1.0380156354925076,-0.3613268856679026,-0.009573458800127992,0.060543083368443384,2.4838967991212795
2026-05-08,-0.5693594857217416,-0.5894793617622531,-0.30000252051345094,0.7183610742777637,0.6180651780009707,-0.41281422543220075,-0.612956428529775,0.2692286710085825,0.09881129801056521,-0.31910890949330595,1.1468990398930028,-0.20020192954411997,-0.583438356993078,-0.05683328067739246,0.06283445686180367,-0.28808721723810693,-1.283200108849913,0.31708124893453865,0.31354791507746826,0.987851343339728,0.06467029526653184,-0.8548121788466242,-1.0043878979666103,-0.33940421865985404,0.14528326059402236,-0.3560903875321387,2.282302494190857
2026-05-11,0.6938766310416817,-1.1884108137141274,0.052389689707453724,1.2996178233929299,-0.3018769464926328,-0.4010622422123902,-0.24288015238749755,-0.3738714432227628,0.23525639981529034,0.45469206091047254,-1.1110207528137583,1.152092417555603,0.2812788410089133,0.251068176209164,0.12319191546046782,-0.3426601977148938,0.43730631280406007,-1.1627683215708993,2.194204263304858,0.30129861557282434,0.5406129916523745,-0.4844088523864508,-0.38479770211940933,0.5795970880113916,-0.025503857633134612,0.12945080146984192,3.146032490350437
2026-05-12,-0.949941239301051,0.47973197280924196,-0.24814606423127816,-1.362626260747946,2.2941790679018537,-0.10419609918973669,-0.7114251602864775,-0.19379433404832103,-0.1978295573433596,0.4414605853307838,-0.5675663883304272,-0.6632755614800069,0.5108596152156875,0.09689597267227879,1.0580418717624704,0.3338644036310877,-0.62621343979177,-0.4107346534100592,0.21039055734436168,0.9257136117009598,-0.32107822134943054,-0.461797270981262,0.9320869931033084,0.14395070888338685,0.2545333097255238,-0.42674497163986136,1.7753438333635723
2026-05-13,-0.20402014470467292,-1.0176865666590755,-0.15088930632861214,0.039799614479271106,-0.5155972152631338,-0.08529251058967746,1.5702846197747555,-0.07862831366641784,1.0075016227293063,-0.5997741007806034,0.4349554700792167,0.22286065045436268,-0.16101466802787268,-0.42274531351921585,-1.6542796485200217,-0.37111145001260226,-0.21786484926733993,-0.9648939807421661,0.9527742713294653,0.6142765837512001,1.119808095113849,-0.33169507339743065,-1.0597796978792244,0.7930681431077793,-0.4218314825385032,0.06844849299393033,-2.2675081296615596
2026-05-14,0.47027644577420025,0.6392216011567774,-0.6811162509683688,-1.285495099345875,0.42142365088302014,-0.1886658704557575,-0.18009504309941984,-1.1650148032275074,-0.5660751988628132,0.6757400240750405,-0.9069816682126237,0.18171138397981368,0.673172331026862,0.36210053554892857,-0.024263457553870715,-0.2438931216446013,0.10294378500464127,0.6473730767406982,-1.3862038520168993,-0.03795446419135018,0.7302445618372585,-0.10756667964345401,1.5444575787505554,-1.732428013589013,0.1658491527248752,0.511594040002329,-1.6791077319287915
2026-05-15,-0.9587160951727036,-0.6529831728078912,0.5751392392774131,-2.1263508456839344,-0.8269050898369812,3.0545305824097477,0.5601046615859039,0.2757716797198485,-0.3256797601933795,1.0874420800186098,1.9281247537467296,0.297136633541079,1.3100554764886656,0.8067236106465697,1.2773139525195143,0.3622965424585614,-0.09435710508827158,-1.1633073785869308,-3.82609236500722,-2.744979525618903,-1.7107897940129408,-0.3350381813749851,-0.1668012626902724,-1.4297608298942213,0.2594071751329691,0.263722602060921,-0.20286576892399477
2026-05-18,-1.8208600019345162,0.410916105393496,1.271462689476576,1.697574226678075,-0.07083029628572235,-0.2668031617465361,-0.2729777068803521,0.7937326196683179,-0.732059402940538,0.3101494900744749,0.48882959398573,0.3212365229037625,0.3407609734673459,0.0575779079160611,-0.061798031948781085,0.11646435760967577,-0.0692880687461215,0.1562053212361464,0.05235243425944462,0.11420677401757856,-0.05686087656395922,0.02985104097752614,-0.10263638976842834,-0.31149793077993204,-0.0036593972010793285,-0.4454261289898218,-0.5824123678573784
2026-05-19,-0.7174424812126083,0.16843788399427118,-0.03735876788779546,-0.6065159046989196,0.16926882665609766,0.0009684844059809627,0.4946856255094103,0.05980790077323195,1.1051071878761975,-0.05673125880251645,-0.5549702583064527,0.819297884479877,-0.03910820961896583,-0.3912488908594718,0.6743024833836766,0.011064237856797526,-1.0974320379842004,-0.07218156761525063,-0.5852484504240212,-0.3953447560696668,0.8229246613357013,1.416634810310161,0.6255743331999535,0.03208803585226794,0.0329973412546904,0.40666934032480545,-2.4113584473155494
2026-05-20,-0.19630213497455068,-0.18749436935362074,-0.7630627743254532,-0.2948771123236884,0.17275903473386806,-0.25003601426993116,-0.1826428118896815,-0.17548100269575573,-0.5760770277135033,-0.95585663185516,-0.4303631604962461,-0.9073878752187511,-1.7758473385745486,-0.7753171962520005,-0.8582870429764924,0.22037303463583685,1.6205542904784143,-0.20591624845342338,0.1585520100193969,1.3077364705473662,0.3379938713666106,-0.05914963133866963,0.7454133966523767,0.005819670764778906,-0.10370818023945977,-0.575047310885383,-2.540452493429579
2026-05-21,1.0356967845754892,-0.019498361816126075,0.055288849787891337,-2.169092251627746,-0.3600698820507514,-0.4661814905385676,-0.962132802893743,0.24254022383013196,0.9359215819685699,0.11999739103431373,0.788801989343336,0.41715059844858127,0.2875263274177481,-0.19840133235922996,-0.18780791272657194,0.06260561578013876,-0.1889239651192225,-0.28345417558026587,0.18908432425146987,0.050489465731233585,0.702833468906614,-0.17107799991384914,-0.17408096434654652,0.06846779058186561,-0.1655740017202108,-0.2477411144417737,0.28432483528590513
2026-05-22,-0.12487386198142855,0.13281253082631428,0.3480996292707813,-0.4189993622928912,-0.12290441777056155,0.11715643954675486,-0.12034230411002472,0.27144913472909205,-0.6358744738602604,0.23599981664835357,-1.4020297506070754,-1.125157555312808,-0.06615270138192333,0.5724963789398221,0.46130308499737915,-0.030384767670275606,-0.24828002673044525,-0.10985599297817061,-0.04762314701614451,0.8582643347963318,0.19324006983416692,0.31420587228343133,0.15081155879672736,-0.5151810035471808,0.07294842357371162,0.08356701926187607,-0.7402130571082639
2026-05-26,0.3562580295499366,0.6474431757188057,-0.5053441876706316,0.20700207890658856,-0.06182416436232152,0.021860852822372823,-0.2775060159353927,-0.4514210871750348,-0.143342744717604,-0.03222079694246771,-0.788780528273102,-0.1583584187737716,0.4311953633176884,-1.0597349502991036,-0.37270241362604795,0.41228821520957093,-0.6291661230999394,-0.7216692637804749,0.22594575497872826,0.34587653868932094,0.6378423015961662,0.015810252329195085,-0.13796331919921784,0.3962473213332365,0.02348227555487465,-0.005549502902851888,-0.17244506324791598
2026-05-27,-0.37773874485603653,1.2485682182972915,-0.2680778421339215,-0.3721691656488073,0.022470692150069027,0.4035221887976872,1.1132534312209423,0.31598541791673374,-0.8242661566867766,-0.7522317534544389,-0.2827684551362504,1.0386585439095473,-0.5869257631576179,0.2694589241761951,0.08675545270340579,-0.04385832365480269,0.22855755194051058,-0.5245219172156288,-0.3195689200813061,0.06794660280699016,-0.1332760150248845,0.30254946373489217,0.09635035993425123,0.22864991973580595,2.208373730680213,0.3111352045103815,-1.17561441174912
2026-05-28,0.36298755461864907,0.7958030478199938,0.18967913442152606,0.19554071857379446,-0.43784441322929424,-0.36976902340892515,-0.4755033053331168,0.1648089183280036,-0.7823023315654882,-0.3649770905352988,-0.7279118610004002,1.7290542656205736,0.011193360944259087,0.6531684848396173,0.19598022427169068,-0.13518313176623842,-0.19808393234130328,0.2593223384777408,0.004782410772371071,0.5024804466595127,-0.03474536225036895,-0.39798766175673334,0.19861650114999074,-0.9601408986796891,-0.3656470216866611,0.12198103278756448,-2.5741119553558907
2026-05-29,-1.1492612588966042,1.3830515673716541,-0.49979115711614375,-0.1525724262868724,-0.5296609730648221,-0.37917201771449366,-0.43813228301678875,0.22679842731181254,0.8316289077472494,0.11489489275421794,-0.28187900456332504,0.16049466788544348,0.17921333407567686,0.016096087074933596,-0.10533543848299909,0.06906446473390546,0.1757049903715995,0.9765709468835659,-0.3211427413653811,-0.41686922838468016,0.17535780550498245,-0.133147323402646,-0.23051186828484352,-0.10759718280923579,-0.15043582610875833,0.0025311238116638574,1.021234093167318
2026-06-01,-1.094907057317668,0.4769823212245876,-0.6159672373077103,-0.18024237992240733,-0.4444543974537348,-0.6025521537145773,-0.13483661755254436,-0.7491997487654951,0.9530755121515588,-0.2726615438310598,2.0426002774347607,-1.2928891004176388,0.4414318052958186,-1.7029900932245885,-0.257323429902963,2.4195929763095947,-0.27655108760109226,-1.5609006479950485,-0.35792206705285884,1.067523932056171,0.4145488315114463,-0.17547641362179422,-0.14475639116891725,-0.05911772046169783,0.19134236428110482,0.17995258210952716,0.8500568985408334
